model,algorithm,input_size,layer,in_channels,out_channels,kernel_size,stride,padding,mean_ms,std_ms,percentage
googlenet,implicit precomp gemm,224,conv1.conv,3,64,7,2,3,0.971441599726677,0.009002832834699867,2.079348614388555
googlenet,implicit precomp gemm,224,conv2.conv,64,64,1,1,0,0.5353711932897568,0.011201646033770692,1.1459498432677966
googlenet,implicit precomp gemm,224,conv3.conv,64,192,3,1,1,1.1609455943107605,0.018773087781428683,2.484977597819343
googlenet,implicit precomp gemm,224,inception3a.branch1.conv,192,64,1,1,0,0.4470655992627144,0.010194942017835171,0.956933730889501
googlenet,implicit precomp gemm,224,inception3a.branch2.0.conv,192,96,1,1,0,0.4014687970280647,0.01231278393203124,0.8593348144195415
googlenet,implicit precomp gemm,224,inception3a.branch2.1.conv,96,128,3,1,1,0.6364639967679977,0.01837296538708342,1.3623366861786605
googlenet,implicit precomp gemm,224,inception3a.branch3.0.conv,192,16,1,1,0,0.36628639996051787,0.00902612530734848,0.7840276949654698
googlenet,implicit precomp gemm,224,inception3a.branch3.1.conv,16,32,3,1,1,0.212142401188612,0.005392532491483514,0.45408597705586573
googlenet,implicit precomp gemm,224,inception3a.branch4.1.conv,192,32,1,1,0,0.3626944005489349,0.004096457274369836,0.776339102052153
googlenet,implicit precomp gemm,224,inception3b.branch1.conv,256,128,1,1,0,0.7050239980220795,0.00818559521130772,1.5090878070388984
googlenet,implicit precomp gemm,224,inception3b.branch2.0.conv,256,128,1,1,0,0.7024991989135743,0.008268477827152555,1.503683532063072
googlenet,implicit precomp gemm,224,inception3b.branch2.1.conv,128,192,3,1,1,0.7423616021871566,0.03569462273101092,1.5890080981887582
googlenet,implicit precomp gemm,224,inception3b.branch3.0.conv,256,32,1,1,0,0.3922096028923988,0.00864101314517031,0.8395157203002773
googlenet,implicit precomp gemm,224,inception3b.branch3.1.conv,32,96,3,1,1,0.3982575997710228,0.016066048682159363,0.8524613198431952
googlenet,implicit precomp gemm,224,inception3b.branch4.1.conv,256,64,1,1,0,0.4381136015057564,0.011234136881512381,0.9377721836208053
googlenet,implicit precomp gemm,224,inception4a.branch1.conv,480,192,1,1,0,0.7070208013057708,0.017102291772134376,1.513361918979666
googlenet,implicit precomp gemm,224,inception4a.branch2.0.conv,480,96,1,1,0,0.4716063976287842,0.010018109004887654,1.0094627507429164
googlenet,implicit precomp gemm,224,inception4a.branch2.1.conv,96,208,3,1,1,0.4331808015704155,0.03481995124721866,0.9272136377303545
googlenet,implicit precomp gemm,224,inception4a.branch3.0.conv,480,16,1,1,0,0.2972271993756294,0.006057218472819365,0.6362080493095994
googlenet,implicit precomp gemm,224,inception4a.branch3.1.conv,16,48,3,1,1,0.2543840020895004,0.0065395006834532785,0.5445031615037313
googlenet,implicit precomp gemm,224,inception4a.branch4.1.conv,480,64,1,1,0,0.4533247992396355,0.007909978814671032,0.9703314058530331
googlenet,implicit precomp gemm,224,inception4b.branch1.conv,512,160,1,1,0,0.483304001390934,0.01588390655926872,1.034501205119727
googlenet,implicit precomp gemm,224,inception4b.branch2.0.conv,512,112,1,1,0,0.455102401971817,0.016401280869366312,0.9741363240067697
googlenet,implicit precomp gemm,224,inception4b.branch2.1.conv,112,224,3,1,1,0.6420960009098053,0.037579811209187575,1.3743918627449032
googlenet,implicit precomp gemm,224,inception4b.branch3.0.conv,512,24,1,1,0,0.33955840319395064,0.0066939369759727784,0.7268170267610399
googlenet,implicit precomp gemm,224,inception4b.branch3.1.conv,24,64,3,1,1,0.2778032019734383,0.006841760200670622,0.5946314253566033
googlenet,implicit precomp gemm,224,inception4b.branch4.1.conv,512,64,1,1,0,0.45689759999513624,0.008915045108337646,0.9779789044803588
googlenet,implicit precomp gemm,224,inception4c.branch1.conv,512,128,1,1,0,0.46709439903497696,0.012739159753203588,0.9998049205379962
googlenet,implicit precomp gemm,224,inception4c.branch2.0.conv,512,128,1,1,0,0.45141279846429827,0.014229901144020826,0.9662388117495627
googlenet,implicit precomp gemm,224,inception4c.branch2.1.conv,128,256,3,1,1,0.6709727972745896,0.04972898134722457,1.4362019875388061
googlenet,implicit precomp gemm,224,inception4c.branch3.0.conv,512,24,1,1,0,0.3443376004695892,0.00979764977943875,0.7370467896575276
googlenet,implicit precomp gemm,224,inception4c.branch3.1.conv,24,64,3,1,1,0.27904160171747205,0.007536898398413907,0.5972821917974683
googlenet,implicit precomp gemm,224,inception4c.branch4.1.conv,512,64,1,1,0,0.45946559906005857,0.008213270015493997,0.983475647978784
googlenet,implicit precomp gemm,224,inception4d.branch1.conv,512,112,1,1,0,0.46346720308065414,0.011922260186157916,0.9920409902267361
googlenet,implicit precomp gemm,224,inception4d.branch2.0.conv,512,144,1,1,0,0.4620719999074936,0.01732078529674913,0.9890545896178697
googlenet,implicit precomp gemm,224,inception4d.branch2.1.conv,144,288,3,1,1,0.7088064044713974,0.06233164336755864,1.5171839618789387
googlenet,implicit precomp gemm,224,inception4d.branch3.0.conv,512,32,1,1,0,0.3457248002290726,0.0099575161200019,0.7400160591417391
googlenet,implicit precomp gemm,224,inception4d.branch3.1.conv,32,64,3,1,1,0.315886402130127,0.007837555531948249,0.676147647741534
googlenet,implicit precomp gemm,224,inception4d.branch4.1.conv,512,64,1,1,0,0.4586255982518196,0.007677864909472751,0.9816776453843012
googlenet,implicit precomp gemm,224,inception4e.branch1.conv,528,256,1,1,0,0.7200272053480148,0.026201164846550724,1.5412018305410269
googlenet,implicit precomp gemm,224,inception4e.branch2.0.conv,528,160,1,1,0,0.4975200042128563,0.017517312135620123,1.064930235313848
googlenet,implicit precomp gemm,224,inception4e.branch2.1.conv,160,320,3,1,1,0.9112048029899598,0.0745864632900761,1.9504131231918231
googlenet,implicit precomp gemm,224,inception4e.branch3.0.conv,528,32,1,1,0,0.38748800158500674,0.14007228344784148,0.8294092402617621
googlenet,implicit precomp gemm,224,inception4e.branch3.1.conv,32,128,3,1,1,0.35095520317554474,0.02507117239310068,0.7512116174980011
googlenet,implicit precomp gemm,224,inception4e.branch4.1.conv,528,128,1,1,0,0.49247519969940184,0.01270427777719548,1.0541319461754537
googlenet,implicit precomp gemm,224,inception5a.branch1.conv,832,256,1,1,0,0.7055200040340424,0.03855893471977252,1.5101494966082907
googlenet,implicit precomp gemm,224,inception5a.branch2.0.conv,832,160,1,1,0,0.466942398250103,0.020580685861948306,0.9994795663206117
googlenet,implicit precomp gemm,224,inception5a.branch2.1.conv,160,320,3,1,1,0.697948795557022,0.07297384526048792,1.493943497338372
googlenet,implicit precomp gemm,224,inception5a.branch3.0.conv,832,32,1,1,0,0.39184159934520724,0.012573885623978926,0.838728017090781
googlenet,implicit precomp gemm,224,inception5a.branch3.1.conv,32,128,3,1,1,0.302249601483345,0.009275035218966884,0.6469583866088451
googlenet,implicit precomp gemm,224,inception5a.branch4.1.conv,832,128,1,1,0,0.45014880150556563,0.01959266238684972,0.9635332550537494
googlenet,implicit precomp gemm,224,inception5b.branch1.conv,832,384,1,1,0,0.7250047981739044,0.04959961095882082,1.5518562545932975
googlenet,implicit precomp gemm,224,inception5b.branch2.0.conv,832,192,1,1,0,0.48158240020275117,0.025497579359007944,1.0308161569951824
googlenet,implicit precomp gemm,224,inception5b.branch2.1.conv,192,384,3,1,1,0.9480271995067596,0.006984840244364525,2.0292306241071807
googlenet,implicit precomp gemm,224,inception5b.branch3.0.conv,832,48,1,1,0,0.4060335993766785,0.01217322961427165,0.8691056698587343
googlenet,implicit precomp gemm,224,inception5b.branch3.1.conv,48,128,3,1,1,0.2977456018328667,0.013587588905581333,0.6373176779599015
googlenet,implicit precomp gemm,224,inception5b.branch4.1.conv,832,128,1,1,0,0.4508975982666016,0.0173382869068531,0.9651360374628586
googlenet,implicit precomp gemm,226,conv1.conv,3,64,7,2,3,0.9898991972208023,0.005657609041210468,2.2946436357732103
googlenet,implicit precomp gemm,226,conv2.conv,64,64,1,1,0,0.5555680006742477,0.013828065599177191,1.2878387825402502
googlenet,implicit precomp gemm,226,conv3.conv,64,192,3,1,1,1.1413376033306122,0.02022263691789766,2.6456866265819023
googlenet,implicit precomp gemm,226,inception3a.branch1.conv,192,64,1,1,0,0.44464639872312545,0.009852890860652212,1.0307160889351772
googlenet,implicit precomp gemm,226,inception3a.branch2.0.conv,192,96,1,1,0,0.3947248011827469,0.010820207172327498,0.9149949363114825
googlenet,implicit precomp gemm,226,inception3a.branch2.1.conv,96,128,3,1,1,0.636371198296547,0.020820936394693516,1.475145271619841
googlenet,implicit precomp gemm,226,inception3a.branch3.0.conv,192,16,1,1,0,0.3658399984240532,0.0070520463571570905,0.8480382916279767
googlenet,implicit precomp gemm,226,inception3a.branch3.1.conv,16,32,3,1,1,0.21103520020842553,0.004181451429680313,0.48919180906697324
googlenet,implicit precomp gemm,226,inception3a.branch4.1.conv,192,32,1,1,0,0.36811200231313707,0.007597032720030304,0.8533049281493269
googlenet,implicit precomp gemm,226,inception3b.branch1.conv,256,128,1,1,0,0.7024464070796966,0.009160896743436155,1.6283114300956933
googlenet,implicit precomp gemm,226,inception3b.branch2.0.conv,256,128,1,1,0,0.6938832044601441,0.0124957119573441,1.6084614307745908
googlenet,implicit precomp gemm,226,inception3b.branch2.1.conv,128,192,3,1,1,0.7362304002046585,0.034801875723905695,1.706624681619533
googlenet,implicit precomp gemm,226,inception3b.branch3.0.conv,256,32,1,1,0,0.3949343994259834,0.008058928185720439,0.9154807971711159
googlenet,implicit precomp gemm,226,inception3b.branch3.1.conv,32,96,3,1,1,0.3972863987088203,0.010461932187924274,0.9209328676454199
googlenet,implicit precomp gemm,226,inception3b.branch4.1.conv,256,64,1,1,0,0.47519679814577104,0.13801383083666663,1.1015336830925613
googlenet,implicit precomp gemm,226,inception4a.branch1.conv,480,192,1,1,0,0.7112319946289063,0.030561279465481296,1.6486769305556612
googlenet,implicit precomp gemm,226,inception4a.branch2.0.conv,480,96,1,1,0,0.4694159999489784,0.01038629694641172,1.0881334582724977
googlenet,implicit precomp gemm,226,inception4a.branch2.1.conv,96,208,3,1,1,0.43233759999275206,0.03020175789255783,1.00218358102936
googlenet,implicit precomp gemm,226,inception4a.branch3.0.conv,480,16,1,1,0,0.2987040013074875,0.006526751681005617,0.6924131643954978
googlenet,implicit precomp gemm,226,inception4a.branch3.1.conv,16,48,3,1,1,0.2560992032289505,0.0070898221903904655,0.5936527764299432
googlenet,implicit precomp gemm,226,inception4a.branch4.1.conv,480,64,1,1,0,0.4506528005003929,0.007901205398229827,1.0446392759130019
googlenet,implicit precomp gemm,226,inception4b.branch1.conv,512,160,1,1,0,0.48543839901685715,0.017117545010948552,1.1252743067085287
googlenet,implicit precomp gemm,226,inception4b.branch2.0.conv,512,112,1,1,0,0.4564240023493767,0.011704365562190577,1.058017255843396
googlenet,implicit precomp gemm,226,inception4b.branch2.1.conv,112,224,3,1,1,0.6486832082271576,0.03856466325700855,1.5036852232736766
googlenet,implicit precomp gemm,226,inception4b.branch3.0.conv,512,24,1,1,0,0.33830240219831464,0.007766893151812057,0.7842045496658759
googlenet,implicit precomp gemm,226,inception4b.branch3.1.conv,24,64,3,1,1,0.2771792009472847,0.005803034108613035,0.6425174312779256
googlenet,implicit precomp gemm,226,inception4b.branch4.1.conv,512,64,1,1,0,0.4599311977624893,0.008220976711164832,1.0661471378118899
googlenet,implicit precomp gemm,226,inception4c.branch1.conv,512,128,1,1,0,0.4658127993345261,0.01430889595447402,1.079781030690396
googlenet,implicit precomp gemm,226,inception4c.branch2.0.conv,512,128,1,1,0,0.44827200174331666,0.014391804850119488,1.0391204465904609
googlenet,implicit precomp gemm,226,inception4c.branch2.1.conv,128,256,3,1,1,0.6708623975515365,0.05134286066532463,1.5550978678870686
googlenet,implicit precomp gemm,226,inception4c.branch3.0.conv,512,24,1,1,0,0.345075199007988,0.008987259728132706,0.7999042846887296
googlenet,implicit precomp gemm,226,inception4c.branch3.1.conv,24,64,3,1,1,0.27698559910058973,0.007100436753409115,0.6420686509913673
googlenet,implicit precomp gemm,226,inception4c.branch4.1.conv,512,64,1,1,0,0.4581952005624771,0.00733487392414421,1.0621229958205516
googlenet,implicit precomp gemm,226,inception4d.branch1.conv,512,112,1,1,0,0.46253280341625214,0.014070981403451819,1.072177810301532
googlenet,implicit precomp gemm,226,inception4d.branch2.0.conv,512,144,1,1,0,0.4589727967977524,0.01799362127651471,1.0639255089021715
googlenet,implicit precomp gemm,226,inception4d.branch2.1.conv,144,288,3,1,1,0.702795198559761,0.06103641254410854,1.6291199489349737
googlenet,implicit precomp gemm,226,inception4d.branch3.0.conv,512,32,1,1,0,0.3422688007354736,0.007612602947330619,0.7933988910551658
googlenet,implicit precomp gemm,226,inception4d.branch3.1.conv,32,64,3,1,1,0.31507359743118285,0.009671537514053257,0.7303588357031157
googlenet,implicit precomp gemm,226,inception4d.branch4.1.conv,512,64,1,1,0,0.45948640555143355,0.01074878266194503,1.0651160837215277
googlenet,implicit precomp gemm,226,inception4e.branch1.conv,528,256,1,1,0,0.7188208013772964,0.028528193987338375,1.666268223848146
googlenet,implicit precomp gemm,226,inception4e.branch2.0.conv,528,160,1,1,0,0.4991695985198021,0.014483704250573172,1.1571040219355193
googlenet,implicit precomp gemm,226,inception4e.branch2.1.conv,160,320,3,1,1,0.9050367951393128,0.07602833922087728,2.097927675805337
googlenet,implicit precomp gemm,226,inception4e.branch3.0.conv,528,32,1,1,0,0.3610383987426758,0.009363924902131398,0.8369079056438917
googlenet,implicit precomp gemm,226,inception4e.branch3.1.conv,32,128,3,1,1,0.3395935982465744,0.006602848629770777,0.7871976168417998
googlenet,implicit precomp gemm,226,inception4e.branch4.1.conv,528,128,1,1,0,0.4888543993234634,0.014052493350804315,1.1331927931416528
googlenet,implicit precomp gemm,226,inception5a.branch1.conv,832,256,1,1,0,0.7056896060705184,0.03448386323632838,1.6358293530768706
googlenet,implicit precomp gemm,226,inception5a.branch2.0.conv,832,160,1,1,0,0.4666847988963127,0.02033201282216493,1.0818023761470532
googlenet,implicit precomp gemm,226,inception5a.branch2.1.conv,160,320,3,1,1,0.6951296031475067,0.07571076712780325,1.6113506550750272
googlenet,implicit precomp gemm,226,inception5a.branch3.0.conv,832,32,1,1,0,0.3921792030334473,0.008459918026816667,0.9090940924589711
googlenet,implicit precomp gemm,226,inception5a.branch3.1.conv,32,128,3,1,1,0.30708480030298235,0.008071571925075122,0.7118403415582825
googlenet,implicit precomp gemm,226,inception5a.branch4.1.conv,832,128,1,1,0,0.44938879907131196,0.018769772331864706,1.0417092474383933
googlenet,implicit precomp gemm,226,inception5b.branch1.conv,832,384,1,1,0,0.7288127988576889,0.05376061459700341,1.6894302523571259
googlenet,implicit precomp gemm,226,inception5b.branch2.0.conv,832,192,1,1,0,0.4761088013648987,0.029891293350784796,1.103647759342397
googlenet,implicit precomp gemm,226,inception5b.branch2.1.conv,192,384,3,1,1,0.9482304006814957,0.00791697901079436,2.198052953552542
googlenet,implicit precomp gemm,226,inception5b.branch3.0.conv,832,48,1,1,0,0.40585120022296906,0.01017583899944149,0.9407865732967422
googlenet,implicit precomp gemm,226,inception5b.branch3.1.conv,48,128,3,1,1,0.2954512000083923,0.012644253228736099,0.684872982707949
googlenet,implicit precomp gemm,226,inception5b.branch4.1.conv,832,128,1,1,0,0.45392640084028246,0.018498470292229265,1.0522276709809866
googlenet,implicit precomp gemm,229,conv1.conv,3,64,7,2,3,0.9972608089447021,0.010448945962043585,2.3110505075017334
googlenet,implicit precomp gemm,229,conv2.conv,64,64,1,1,0,0.5631855934858322,0.010927440422974203,1.3051253392985465
googlenet,implicit precomp gemm,229,conv3.conv,64,192,3,1,1,1.1929520070552826,0.00915107691461633,2.7645449581516597
googlenet,implicit precomp gemm,229,inception3a.branch1.conv,192,64,1,1,0,0.44308159947395326,0.011319492396945375,1.0267965472467884
googlenet,implicit precomp gemm,229,inception3a.branch2.0.conv,192,96,1,1,0,0.4008799999952316,0.009796551077187705,0.9289986321799261
googlenet,implicit precomp gemm,229,inception3a.branch2.1.conv,96,128,3,1,1,0.6349888056516647,0.006714248208938598,1.4715219814083471
googlenet,implicit precomp gemm,229,inception3a.branch3.0.conv,192,16,1,1,0,0.3620591998100281,0.007903711103407336,0.8390353756627308
googlenet,implicit precomp gemm,229,inception3a.branch3.1.conv,16,32,3,1,1,0.21207679957151412,0.006846926140828592,0.4914664156889255
googlenet,implicit precomp gemm,229,inception3a.branch4.1.conv,192,32,1,1,0,0.3709903985261917,0.007572609408165798,0.8597325204221147
googlenet,implicit precomp gemm,229,inception3b.branch1.conv,256,128,1,1,0,0.7029679983854293,0.008857246078649626,1.6290568473710145
googlenet,implicit precomp gemm,229,inception3b.branch2.0.conv,256,128,1,1,0,0.693163201212883,0.009115873972333367,1.6063352270302507
googlenet,implicit precomp gemm,229,inception3b.branch2.1.conv,128,192,3,1,1,0.733135998249054,0.006807965811890193,1.6989681190963308
googlenet,implicit precomp gemm,229,inception3b.branch3.0.conv,256,32,1,1,0,0.398327998816967,0.005733243190821681,0.9230846289770783
googlenet,implicit precomp gemm,229,inception3b.branch3.1.conv,32,96,3,1,1,0.3901936009526253,0.007550220195943313,0.9042339891604982
googlenet,implicit precomp gemm,229,inception3b.branch4.1.conv,256,64,1,1,0,0.4330144003033638,0.010168355737206529,1.0034668369607385
googlenet,implicit precomp gemm,229,inception4a.branch1.conv,480,192,1,1,0,0.7049968004226684,0.0061773021749134275,1.6337583897716865
googlenet,implicit precomp gemm,229,inception4a.branch2.0.conv,480,96,1,1,0,0.4693599969148636,0.007395746295317278,1.0876940609136627
googlenet,implicit precomp gemm,229,inception4a.branch2.1.conv,96,208,3,1,1,0.4290608003735542,0.005116760308560965,0.9943047711878801
googlenet,implicit precomp gemm,229,inception4a.branch3.0.conv,480,16,1,1,0,0.29965120255947114,0.008753844743375278,0.6944111886652611
googlenet,implicit precomp gemm,229,inception4a.branch3.1.conv,16,48,3,1,1,0.251536001265049,0.003762766929790677,0.5829091027789318
googlenet,implicit precomp gemm,229,inception4a.branch4.1.conv,480,64,1,1,0,0.45081920027732847,0.007682893693579021,1.0447276502271703
googlenet,implicit precomp gemm,229,inception4b.branch1.conv,512,160,1,1,0,0.48004480004310607,0.006609648214130953,1.11245500556385
googlenet,implicit precomp gemm,229,inception4b.branch2.0.conv,512,112,1,1,0,0.4557872012257576,0.008943588958030184,1.0562404872003643
googlenet,implicit precomp gemm,229,inception4b.branch2.1.conv,112,224,3,1,1,0.6474175959825516,0.07427866858572603,1.5003244390445032
googlenet,implicit precomp gemm,229,inception4b.branch3.0.conv,512,24,1,1,0,0.3404847964644432,0.010416469275311176,0.7890388899353689
googlenet,implicit precomp gemm,229,inception4b.branch3.1.conv,24,64,3,1,1,0.27712960094213485,0.0065729361127191506,0.6422196672691937
googlenet,implicit precomp gemm,229,inception4b.branch4.1.conv,512,64,1,1,0,0.4595392018556595,0.007250261132951216,1.064935367097487
googlenet,implicit precomp gemm,229,inception4c.branch1.conv,512,128,1,1,0,0.47169439792633056,0.007985855749149761,1.0931037978589782
googlenet,implicit precomp gemm,229,inception4c.branch2.0.conv,512,128,1,1,0,0.4483744025230408,0.007529083360624395,1.0390620800572519
googlenet,implicit precomp gemm,229,inception4c.branch2.1.conv,128,256,3,1,1,0.6700367987155914,0.009576064005973916,1.552742141100591
googlenet,implicit precomp gemm,229,inception4c.branch3.0.conv,512,24,1,1,0,0.34044159948825836,0.008478179405494998,0.7889387853360113
googlenet,implicit precomp gemm,229,inception4c.branch3.1.conv,24,64,3,1,1,0.2764720007777214,0.006314143098911075,0.6406957457633349
googlenet,implicit precomp gemm,229,inception4c.branch4.1.conv,512,64,1,1,0,0.4585616037249565,0.006079159901373283,1.062669882847199
googlenet,implicit precomp gemm,229,inception4d.branch1.conv,512,112,1,1,0,0.4680544018745422,0.007253254301705023,1.0846684771812394
googlenet,implicit precomp gemm,229,inception4d.branch2.0.conv,512,144,1,1,0,0.45788160264492034,0.008949413165230364,1.0610940494974634
googlenet,implicit precomp gemm,229,inception4d.branch2.1.conv,144,288,3,1,1,0.7031184077262879,0.004972461503623634,1.6294054057224572
googlenet,implicit precomp gemm,229,inception4d.branch3.0.conv,512,32,1,1,0,0.3445552006363869,0.005820325302394172,0.7984716376608731
googlenet,implicit precomp gemm,229,inception4d.branch3.1.conv,32,64,3,1,1,0.31572640389204026,0.007873936082267856,0.731663832973162
googlenet,implicit precomp gemm,229,inception4d.branch4.1.conv,512,64,1,1,0,0.4590383991599083,0.006469140859502095,1.0637748077796103
googlenet,implicit precomp gemm,229,inception4e.branch1.conv,528,256,1,1,0,0.7158288061618805,0.007319497720649443,1.6588604615029097
googlenet,implicit precomp gemm,229,inception4e.branch2.0.conv,528,160,1,1,0,0.49625599980354307,0.008868512183906711,1.150022812397867
googlenet,implicit precomp gemm,229,inception4e.branch2.1.conv,160,320,3,1,1,0.9000016033649445,0.011495302636623305,2.085662189422568
googlenet,implicit precomp gemm,229,inception4e.branch3.0.conv,528,32,1,1,0,0.3594528019428253,0.007153440347477735,0.8329953136651832
googlenet,implicit precomp gemm,229,inception4e.branch3.1.conv,32,128,3,1,1,0.34609120190143583,0.006956712966635305,0.8020311643877592
googlenet,implicit precomp gemm,229,inception4e.branch4.1.conv,528,128,1,1,0,0.4896959990262985,0.006012941216924827,1.134820677721076
googlenet,implicit precomp gemm,229,inception5a.branch1.conv,832,256,1,1,0,0.6985264033079147,0.006663699272789984,1.6187639024704028
googlenet,implicit precomp gemm,229,inception5a.branch2.0.conv,832,160,1,1,0,0.46376799792051315,0.006048573995625793,1.074735171927021
googlenet,implicit precomp gemm,229,inception5a.branch2.1.conv,160,320,3,1,1,0.677377599477768,0.0055279154341647515,1.5697537003383892
googlenet,implicit precomp gemm,229,inception5a.branch3.0.conv,832,32,1,1,0,0.3906543985009193,0.009104127352089656,0.9053018406174981
googlenet,implicit precomp gemm,229,inception5a.branch3.1.conv,32,128,3,1,1,0.30330560356378555,0.006772382253516712,0.7028798913555561
googlenet,implicit precomp gemm,229,inception5a.branch4.1.conv,832,128,1,1,0,0.44745599925518037,0.006508064463152072,1.036933773881733
googlenet,implicit precomp gemm,229,inception5b.branch1.conv,832,384,1,1,0,0.7137792021036148,0.006248201748200923,1.6541107125339867
googlenet,implicit precomp gemm,229,inception5b.branch2.0.conv,832,192,1,1,0,0.47564480155706407,0.01107483731348581,1.1022584565337779
googlenet,implicit precomp gemm,229,inception5b.branch2.1.conv,192,384,3,1,1,0.945404800772667,0.007000015132342593,2.1908794821008533
googlenet,implicit precomp gemm,229,inception5b.branch3.0.conv,832,48,1,1,0,0.4078560024499893,0.009961347406761528,0.9451648084387337
googlenet,implicit precomp gemm,229,inception5b.branch3.1.conv,48,128,3,1,1,0.29378079921007155,0.006528033649896192,0.6808071258983445
googlenet,implicit precomp gemm,229,inception5b.branch4.1.conv,832,128,1,1,0,0.45032640397548673,0.009708445749839235,1.043585644912962
googlenet,implicit precomp gemm,232,conv1.conv,3,64,7,2,3,0.9931712001562119,0.010829582992887374,2.277966997782132
googlenet,implicit precomp gemm,232,conv2.conv,64,64,1,1,0,0.5690784007310867,0.008380834124353299,1.3052551421267093
googlenet,implicit precomp gemm,232,conv3.conv,64,192,3,1,1,1.2079728066921234,0.006456241595310232,2.770642349909165
googlenet,implicit precomp gemm,232,inception3a.branch1.conv,192,64,1,1,0,0.46284160017967224,0.01271005819819182,1.0615872573068303
googlenet,implicit precomp gemm,232,inception3a.branch2.0.conv,192,96,1,1,0,0.4189392000436783,0.009576992140127128,0.9608914068658488
googlenet,implicit precomp gemm,232,inception3a.branch2.1.conv,96,128,3,1,1,0.6375936001539231,0.008188672506080977,1.462403640902282
googlenet,implicit precomp gemm,232,inception3a.branch3.0.conv,192,16,1,1,0,0.37131520062685014,0.007435040421164464,0.8516595856482514
googlenet,implicit precomp gemm,232,inception3a.branch3.1.conv,16,32,3,1,1,0.21650559976696968,0.005586136118683048,0.4965836816720134
googlenet,implicit precomp gemm,232,inception3a.branch4.1.conv,192,32,1,1,0,0.37775359898805616,0.0072467559731283545,0.8664268875827971
googlenet,implicit precomp gemm,232,inception3b.branch1.conv,256,128,1,1,0,0.7114304065704345,0.007648003853884644,1.6317579357227379
googlenet,implicit precomp gemm,232,inception3b.branch2.0.conv,256,128,1,1,0,0.6959583967924118,0.009591233654953407,1.596270874017611
googlenet,implicit precomp gemm,232,inception3b.branch2.1.conv,128,192,3,1,1,0.7475823998451233,0.006096056795336118,1.7146772225192435
googlenet,implicit precomp gemm,232,inception3b.branch3.0.conv,256,32,1,1,0,0.409859199821949,0.009087243584258992,0.9400652483528952
googlenet,implicit precomp gemm,232,inception3b.branch3.1.conv,32,96,3,1,1,0.39069600105285646,0.00821238485597926,0.8961119658160415
googlenet,implicit precomp gemm,232,inception3b.branch4.1.conv,256,64,1,1,0,0.43311360031366347,0.0054682522606845,0.9934022328174086
googlenet,implicit precomp gemm,232,inception4a.branch1.conv,480,192,1,1,0,0.7039887994527817,0.0056947514966657516,1.6146896443528236
googlenet,implicit precomp gemm,232,inception4a.branch2.0.conv,480,96,1,1,0,0.46790719479322435,0.006528728838899909,1.0732058557438366
googlenet,implicit precomp gemm,232,inception4a.branch2.1.conv,96,208,3,1,1,0.4275951996445656,0.007837112435438125,0.9807450649466865
googlenet,implicit precomp gemm,232,inception4a.branch3.0.conv,480,16,1,1,0,0.29946400225162506,0.0055232323005586685,0.6868595404756606
googlenet,implicit precomp gemm,232,inception4a.branch3.1.conv,16,48,3,1,1,0.2573888018727303,0.008192427734271741,0.5903546097314774
googlenet,implicit precomp gemm,232,inception4a.branch4.1.conv,480,64,1,1,0,0.44799200147390367,0.004820846209886161,1.027527776145145
googlenet,implicit precomp gemm,232,inception4b.branch1.conv,512,160,1,1,0,0.47917439639568327,0.010548047719522858,1.0990486443826155
googlenet,implicit precomp gemm,232,inception4b.branch2.0.conv,512,112,1,1,0,0.4536864012479782,0.006544473577059396,1.0405886207965802
googlenet,implicit precomp gemm,232,inception4b.branch2.1.conv,112,224,3,1,1,0.6321503967046738,0.006427971691304951,1.4499189476110816
googlenet,implicit precomp gemm,232,inception4b.branch3.0.conv,512,24,1,1,0,0.3384255975484848,0.0077876013641511215,0.7762230140170101
googlenet,implicit precomp gemm,232,inception4b.branch3.1.conv,24,64,3,1,1,0.27716480046510694,0.004388602887932538,0.6357134281653328
googlenet,implicit precomp gemm,232,inception4b.branch4.1.conv,512,64,1,1,0,0.46008480042219163,0.006422989392345452,1.0552641794064173
googlenet,implicit precomp gemm,232,inception4c.branch1.conv,512,128,1,1,0,0.4701679989695549,0.006053170619927428,1.078391303430317
googlenet,implicit precomp gemm,232,inception4c.branch2.0.conv,512,128,1,1,0,0.4480432018637657,0.007994035124605016,1.0276452108818357
googlenet,implicit precomp gemm,232,inception4c.branch2.1.conv,128,256,3,1,1,0.6693888038396836,0.007669666285703755,1.5353300655434028
googlenet,implicit precomp gemm,232,inception4c.branch3.0.conv,512,24,1,1,0,0.34450720250606537,0.008680402524829902,0.7901719639913325
googlenet,implicit precomp gemm,232,inception4c.branch3.1.conv,24,64,3,1,1,0.27852480113506317,0.0055214691305830845,0.6388327661431503
googlenet,implicit precomp gemm,232,inception4c.branch4.1.conv,512,64,1,1,0,0.4565295994281769,0.005963426592808319,1.0471098646884975
googlenet,implicit precomp gemm,232,inception4d.branch1.conv,512,112,1,1,0,0.469521601498127,0.009111111497135964,1.0769087069684673
googlenet,implicit precomp gemm,232,inception4d.branch2.0.conv,512,144,1,1,0,0.46006719917058947,0.007960992356966717,1.0552238086523487
googlenet,implicit precomp gemm,232,inception4d.branch2.1.conv,144,288,3,1,1,0.7019216030836105,0.005773725466283466,1.6099482612899978
googlenet,implicit precomp gemm,232,inception4d.branch3.0.conv,512,32,1,1,0,0.34501439779996873,0.010154026992492621,0.7913352821994728
googlenet,implicit precomp gemm,232,inception4d.branch3.1.conv,32,64,3,1,1,0.31695360094308855,0.010007385060740387,0.7269742041080143
googlenet,implicit precomp gemm,232,inception4d.branch4.1.conv,512,64,1,1,0,0.4559104010462761,0.005394764880367229,1.0456896528671837
googlenet,implicit precomp gemm,232,inception4e.branch1.conv,528,256,1,1,0,0.7193856030702591,0.005542046300836375,1.6500042109717807
googlenet,implicit precomp gemm,232,inception4e.branch2.0.conv,528,160,1,1,0,0.49980960339307784,0.009878254997478105,1.146378168763784
googlenet,implicit precomp gemm,232,inception4e.branch2.1.conv,160,320,3,1,1,0.8932639956474304,0.0063318280947361125,2.048816862663556
googlenet,implicit precomp gemm,232,inception4e.branch3.0.conv,528,32,1,1,0,0.3578096017241478,0.006352742030375128,0.8206827424002799
googlenet,implicit precomp gemm,232,inception4e.branch3.1.conv,32,128,3,1,1,0.348708800971508,0.004067831879428549,0.799808875171102
googlenet,implicit precomp gemm,232,inception4e.branch4.1.conv,528,128,1,1,0,0.4921551957726479,0.006887377308541342,1.1288217918328287
googlenet,implicit precomp gemm,232,inception5a.branch1.conv,832,256,1,1,0,0.6968480050563812,0.004711147626344068,1.5983113059853906
googlenet,implicit precomp gemm,232,inception5a.branch2.0.conv,832,160,1,1,0,0.4634463995695114,0.006133558083400538,1.0629744431717805
googlenet,implicit precomp gemm,232,inception5a.branch2.1.conv,160,320,3,1,1,0.6814303964376449,0.0065570608899030575,1.5629490203968852
googlenet,implicit precomp gemm,232,inception5a.branch3.0.conv,832,32,1,1,0,0.39220159947872163,0.009062500787699235,0.8995652511363308
googlenet,implicit precomp gemm,232,inception5a.branch3.1.conv,32,128,3,1,1,0.3065136015415192,0.008208704819740361,0.7030287110350177
googlenet,implicit precomp gemm,232,inception5a.branch4.1.conv,832,128,1,1,0,0.44187839776277543,0.008864841418126965,1.0135054328781652
googlenet,implicit precomp gemm,232,inception5b.branch1.conv,832,384,1,1,0,0.7168720066547394,0.0072449484205270075,1.6442389514884237
googlenet,implicit precomp gemm,232,inception5b.branch2.0.conv,832,192,1,1,0,0.47812959998846055,0.01283462192077686,1.09665226827477
googlenet,implicit precomp gemm,232,inception5b.branch2.1.conv,192,384,3,1,1,0.9510431945323944,0.00589744211192464,2.181340951357969
googlenet,implicit precomp gemm,232,inception5b.branch3.0.conv,832,48,1,1,0,0.40413919687271116,0.0052980873454395,0.926945679497565
googlenet,implicit precomp gemm,232,inception5b.branch3.1.conv,48,128,3,1,1,0.298115199804306,0.00690420825329338,0.6837658870742759
googlenet,implicit precomp gemm,232,inception5b.branch4.1.conv,832,128,1,1,0,0.45017599761486055,0.008700488691752955,1.0325370546377157
googlenet,implicit precomp gemm,235,conv1.conv,3,64,7,2,3,1.0182976007461548,0.0074608879394268725,2.339623794011098
googlenet,implicit precomp gemm,235,conv2.conv,64,64,1,1,0,0.5789536029100418,0.011885912200074495,1.3301942614853024
googlenet,implicit precomp gemm,235,conv3.conv,64,192,3,1,1,1.2186943888664246,0.010180570294963354,2.800052153447507
googlenet,implicit precomp gemm,235,inception3a.branch1.conv,192,64,1,1,0,0.45668639838695524,0.011458310743623714,1.0492751463662786
googlenet,implicit precomp gemm,235,inception3a.branch2.0.conv,192,96,1,1,0,0.4176607996225357,0.008090208089082873,0.9596105734773095
googlenet,implicit precomp gemm,235,inception3a.branch2.1.conv,96,128,3,1,1,0.6416543990373611,0.006984271381564147,1.4742545778559035
googlenet,implicit precomp gemm,235,inception3a.branch3.0.conv,192,16,1,1,0,0.36707199811935426,0.007291143184939978,0.8433785764455767
googlenet,implicit precomp gemm,235,inception3a.branch3.1.conv,16,32,3,1,1,0.21618720144033432,0.006312891773853306,0.4967081529798905
googlenet,implicit precomp gemm,235,inception3a.branch4.1.conv,192,32,1,1,0,0.37963040322065356,0.006949752853288271,0.8722325611434693
googlenet,implicit precomp gemm,235,inception3b.branch1.conv,256,128,1,1,0,0.7120368033647537,0.00866649315862841,1.6359640306950511
googlenet,implicit precomp gemm,235,inception3b.branch2.0.conv,256,128,1,1,0,0.6999455988407135,0.009131965365708265,1.6081834783477114
googlenet,implicit precomp gemm,235,inception3b.branch2.1.conv,128,192,3,1,1,0.7517295986413955,0.007191395380634272,1.7271615433003988
googlenet,implicit precomp gemm,235,inception3b.branch3.0.conv,256,32,1,1,0,0.40479359924793246,0.009207773344184942,0.9300471058459693
googlenet,implicit precomp gemm,235,inception3b.branch3.1.conv,32,96,3,1,1,0.38792640119791033,0.006969809945730752,0.8912933094438046
googlenet,implicit precomp gemm,235,inception3b.branch4.1.conv,256,64,1,1,0,0.444896000623703,0.010138703930010136,1.0221857226776172
googlenet,implicit precomp gemm,235,inception4a.branch1.conv,480,192,1,1,0,0.7027759969234466,0.005372713747191444,1.6146865543601003
googlenet,implicit precomp gemm,235,inception4a.branch2.0.conv,480,96,1,1,0,0.4696319982409477,0.007869263119115882,1.0790187433500622
googlenet,implicit precomp gemm,235,inception4a.branch2.1.conv,96,208,3,1,1,0.432888001203537,0.005822792760341119,0.9945963410063788
googlenet,implicit precomp gemm,235,inception4a.branch3.0.conv,480,16,1,1,0,0.2981600001454353,0.0077898619319495665,0.6850475050235427
googlenet,implicit precomp gemm,235,inception4a.branch3.1.conv,16,48,3,1,1,0.2580623999238014,0.005729577278923223,0.5929199192445543
googlenet,implicit precomp gemm,235,inception4a.branch4.1.conv,480,64,1,1,0,0.4493151992559433,0.006250527227648543,1.0323392006617298
googlenet,implicit precomp gemm,235,inception4b.branch1.conv,512,160,1,1,0,0.47848800122737883,0.008631860268924757,1.0993661499350385
googlenet,implicit precomp gemm,235,inception4b.branch2.0.conv,512,112,1,1,0,0.44885280132293703,0.009582279097688221,1.0312768027875028
googlenet,implicit precomp gemm,235,inception4b.branch2.1.conv,112,224,3,1,1,0.6358048051595688,0.009950319094404171,1.4608146473171728
googlenet,implicit precomp gemm,235,inception4b.branch3.0.conv,512,24,1,1,0,0.3400928005576134,0.007362894302070912,0.7813916165307901
googlenet,implicit precomp gemm,235,inception4b.branch3.1.conv,24,64,3,1,1,0.27565599977970123,0.007204621318929212,0.6333426844705667
googlenet,implicit precomp gemm,235,inception4b.branch4.1.conv,512,64,1,1,0,0.4558815985918045,0.005063098213405105,1.047426051613654
googlenet,implicit precomp gemm,235,inception4c.branch1.conv,512,128,1,1,0,0.473088002204895,0.011951348422662447,1.086959201130109
googlenet,implicit precomp gemm,235,inception4c.branch2.0.conv,512,128,1,1,0,0.4523232012987137,0.015613088610338537,1.0392503366071968
googlenet,implicit precomp gemm,235,inception4c.branch2.1.conv,128,256,3,1,1,0.6680671989917755,0.009560188233832758,1.5349401919578343
googlenet,implicit precomp gemm,235,inception4c.branch3.0.conv,512,24,1,1,0,0.3443824008107185,0.008382027406451437,0.7912473314137546
googlenet,implicit precomp gemm,235,inception4c.branch3.1.conv,24,64,3,1,1,0.27627359628677367,0.005353212283866733,0.6347616640321271
googlenet,implicit precomp gemm,235,inception4c.branch4.1.conv,512,64,1,1,0,0.45801760256290436,0.005201456182916979,1.052333699153259
googlenet,implicit precomp gemm,235,inception4d.branch1.conv,512,112,1,1,0,0.4678047999739647,0.008365254729570403,1.0748206027095688
googlenet,implicit precomp gemm,235,inception4d.branch2.0.conv,512,144,1,1,0,0.4606271982192993,0.009846207749340271,1.0583294631479654
googlenet,implicit precomp gemm,235,inception4d.branch2.1.conv,144,288,3,1,1,0.7023456037044525,0.0065153689908990405,1.6136976899896043
googlenet,implicit precomp gemm,235,inception4d.branch3.0.conv,512,32,1,1,0,0.34724159687757494,0.010483532016994226,0.7978165732001034
googlenet,implicit precomp gemm,235,inception4d.branch3.1.conv,32,64,3,1,1,0.31165759861469267,0.008202653784004666,0.7160593649332023
googlenet,implicit precomp gemm,235,inception4d.branch4.1.conv,512,64,1,1,0,0.4560015991330147,0.0062806448848935405,1.0477017628804821
googlenet,implicit precomp gemm,235,inception4e.branch1.conv,528,256,1,1,0,0.7213599979877472,0.006776413167600922,1.6573848490885823
googlenet,implicit precomp gemm,235,inception4e.branch2.0.conv,528,160,1,1,0,0.496160002052784,0.01022651115006118,1.1399690479371605
googlenet,implicit precomp gemm,235,inception4e.branch2.1.conv,160,320,3,1,1,0.89410560131073,0.006707583758612729,2.0542823018068312
googlenet,implicit precomp gemm,235,inception4e.branch3.0.conv,528,32,1,1,0,0.35774400234222414,0.006233529160969904,0.8219467269993862
googlenet,implicit precomp gemm,235,inception4e.branch3.1.conv,32,128,3,1,1,0.342611201107502,0.007934015693074595,0.7871778521509591
googlenet,implicit precomp gemm,235,inception4e.branch4.1.conv,528,128,1,1,0,0.49587039947509765,0.006876454621006429,1.1393036618250203
googlenet,implicit precomp gemm,235,inception5a.branch1.conv,832,256,1,1,0,0.6967952013015747,0.0068019484229291955,1.6009451768553358
googlenet,implicit precomp gemm,235,inception5a.branch2.0.conv,832,160,1,1,0,0.4641424000263214,0.007430605862254375,1.06640593291715
googlenet,implicit precomp gemm,235,inception5a.branch2.1.conv,160,320,3,1,1,0.6865519970655442,0.009259561733589626,1.5774105595293482
googlenet,implicit precomp gemm,235,inception5a.branch3.0.conv,832,32,1,1,0,0.39246080070734024,0.007997824162731188,0.9017114710657517
googlenet,implicit precomp gemm,235,inception5a.branch3.1.conv,32,128,3,1,1,0.30546240210533143,0.008969527710735512,0.7018253834809673
googlenet,implicit precomp gemm,235,inception5a.branch4.1.conv,832,128,1,1,0,0.4452351972460747,0.006582577190300467,1.0229650552499099
googlenet,implicit precomp gemm,235,inception5b.branch1.conv,832,384,1,1,0,0.7162448048591614,0.0075298095189853,1.6456322656141325
googlenet,implicit precomp gemm,235,inception5b.branch2.0.conv,832,192,1,1,0,0.47573600262403487,0.007634625974297695,1.0930432032750923
googlenet,implicit precomp gemm,235,inception5b.branch2.1.conv,192,384,3,1,1,0.9514192014932632,0.005435607929283227,2.1859650855129282
googlenet,implicit precomp gemm,235,inception5b.branch3.0.conv,832,48,1,1,0,0.40441599786281585,0.006949997152660692,0.9291795351233997
googlenet,implicit precomp gemm,235,inception5b.branch3.1.conv,48,128,3,1,1,0.2944815993309021,0.007766905158947061,0.6765960719029249
googlenet,implicit precomp gemm,235,inception5b.branch4.1.conv,832,128,1,1,0,0.4483024016022682,0.004497425048927683,1.0300122134555134
googlenet,implicit precomp gemm,238,conv1.conv,3,64,7,2,3,1.006532797217369,0.026772976526051026,2.313029201358232
googlenet,implicit precomp gemm,238,conv2.conv,64,64,1,1,0,0.5752496004104615,0.010597352118798866,1.3219332022736905
googlenet,implicit precomp gemm,238,conv3.conv,64,192,3,1,1,1.2169007897377013,0.03144128575582843,2.79645836638479
googlenet,implicit precomp gemm,238,inception3a.branch1.conv,192,64,1,1,0,0.4586575999855995,0.013278032476447856,1.0540028354013657
googlenet,implicit precomp gemm,238,inception3a.branch2.0.conv,192,96,1,1,0,0.4174800023436546,0.010604462715981021,0.9593760273620152
googlenet,implicit precomp gemm,238,inception3a.branch2.1.conv,96,128,3,1,1,0.6481120020151139,0.023940765499994486,1.4893722197190962
googlenet,implicit precomp gemm,238,inception3a.branch3.0.conv,192,16,1,1,0,0.3677199989557266,0.00946152286052847,0.8450267073854043
googlenet,implicit precomp gemm,238,inception3a.branch3.1.conv,16,32,3,1,1,0.21469920128583908,0.007737656737932371,0.4933823552052508
googlenet,implicit precomp gemm,238,inception3a.branch4.1.conv,192,32,1,1,0,0.377742400765419,0.008224979971501751,0.8680583543597032
googlenet,implicit precomp gemm,238,inception3b.branch1.conv,256,128,1,1,0,0.7095119953155518,0.014470785619974856,1.6304704311829818
googlenet,implicit precomp gemm,238,inception3b.branch2.0.conv,256,128,1,1,0,0.6980704009532929,0.015547846088858997,1.60417745598817
googlenet,implicit precomp gemm,238,inception3b.branch2.1.conv,128,192,3,1,1,0.7589200019836426,0.0349069566929979,1.744010856810579
googlenet,implicit precomp gemm,238,inception3b.branch3.0.conv,256,32,1,1,0,0.40985440015792846,0.00634762639465662,0.9418522660079014
googlenet,implicit precomp gemm,238,inception3b.branch3.1.conv,32,96,3,1,1,0.38601920008659363,0.009276684486377846,0.887078577621762
googlenet,implicit precomp gemm,238,inception3b.branch4.1.conv,256,64,1,1,0,0.45134719759225844,0.004768334940487133,1.0372034084415849
googlenet,implicit precomp gemm,238,inception4a.branch1.conv,480,192,1,1,0,0.7088272035121918,0.018718260311794747,1.6288967681663356
googlenet,implicit precomp gemm,238,inception4a.branch2.0.conv,480,96,1,1,0,0.47385919988155367,0.014133612094511253,1.0889363661953084
googlenet,implicit precomp gemm,238,inception4a.branch2.1.conv,96,208,3,1,1,0.4409887969493866,0.029791135161898123,1.0133996305293622
googlenet,implicit precomp gemm,238,inception4a.branch3.0.conv,480,16,1,1,0,0.2998015984892845,0.005284136495093637,0.6889490872395636
googlenet,implicit precomp gemm,238,inception4a.branch3.1.conv,16,48,3,1,1,0.2572959989309311,0.011545396012677022,0.5912705085866726
googlenet,implicit precomp gemm,238,inception4a.branch4.1.conv,480,64,1,1,0,0.45120800137519834,0.008921302612473836,1.0368835332068496
googlenet,implicit precomp gemm,238,inception4b.branch1.conv,512,160,1,1,0,0.4828912019729614,0.021302134093955694,1.1096920580534475
googlenet,implicit precomp gemm,238,inception4b.branch2.0.conv,512,112,1,1,0,0.4482703998684883,0.014749648200856808,1.0301328758156958
googlenet,implicit precomp gemm,238,inception4b.branch2.1.conv,112,224,3,1,1,0.6408495992422104,0.044326703249781885,1.4726830966898312
googlenet,implicit precomp gemm,238,inception4b.branch3.0.conv,512,24,1,1,0,0.34237280339002607,0.008656442468646513,0.7867784280664526
googlenet,implicit precomp gemm,238,inception4b.branch3.1.conv,24,64,3,1,1,0.27626719772815705,0.006102599883919968,0.6348666406988779
googlenet,implicit precomp gemm,238,inception4b.branch4.1.conv,512,64,1,1,0,0.45653280019760134,0.01067761827440985,1.0491200099531868
googlenet,implicit precomp gemm,238,inception4c.branch1.conv,512,128,1,1,0,0.4693648010492325,0.01591012486123055,1.0786081625138695
googlenet,implicit precomp gemm,238,inception4c.branch2.0.conv,512,128,1,1,0,0.458049601316452,0.015497194195531779,1.0526056442914355
googlenet,implicit precomp gemm,238,inception4c.branch2.1.conv,128,256,3,1,1,0.6778959900140762,0.04840856512104449,1.557816322251033
googlenet,implicit precomp gemm,238,inception4c.branch3.0.conv,512,24,1,1,0,0.33903519809246063,0.008431928139371502,0.7791085552742104
googlenet,implicit precomp gemm,238,inception4c.branch3.1.conv,24,64,3,1,1,0.2774496003985405,0.007745047070161583,0.6375838218100366
googlenet,implicit precomp gemm,238,inception4c.branch4.1.conv,512,64,1,1,0,0.4596543997526169,0.007767116635924678,1.0562934979365481
googlenet,implicit precomp gemm,238,inception4d.branch1.conv,512,112,1,1,0,0.4671840012073517,0.014581270226466547,1.0735966480053183
googlenet,implicit precomp gemm,238,inception4d.branch2.0.conv,512,144,1,1,0,0.45873440206050875,0.015576918005449443,1.0541793278539524
googlenet,implicit precomp gemm,238,inception4d.branch2.1.conv,144,288,3,1,1,0.7151136010885238,0.06555115319433277,1.643343014931073
googlenet,implicit precomp gemm,238,inception4d.branch3.0.conv,512,32,1,1,0,0.34721599966287614,0.008242319473049372,0.797908174099549
googlenet,implicit precomp gemm,238,inception4d.branch3.1.conv,32,64,3,1,1,0.31327519863843917,0.008700453458256732,0.7199116457161245
googlenet,implicit precomp gemm,238,inception4d.branch4.1.conv,512,64,1,1,0,0.45561920255422594,0.010049561300645122,1.0470205472896141
googlenet,implicit precomp gemm,238,inception4e.branch1.conv,528,256,1,1,0,0.727129602432251,0.0248221688087478,1.6709559869757373
googlenet,implicit precomp gemm,238,inception4e.branch2.0.conv,528,160,1,1,0,0.4986015990376472,0.016023197119828504,1.145794813250309
googlenet,implicit precomp gemm,238,inception4e.branch2.1.conv,160,320,3,1,1,0.9087519913911819,0.07765701848537034,2.088327274273916
googlenet,implicit precomp gemm,238,inception4e.branch3.0.conv,528,32,1,1,0,0.3577007994055748,0.00822524727894906,0.8220024192570846
googlenet,implicit precomp gemm,238,inception4e.branch3.1.conv,32,128,3,1,1,0.34807359874248506,0.007896874029215004,0.799878951127061
googlenet,implicit precomp gemm,238,inception4e.branch4.1.conv,528,128,1,1,0,0.49464320242404936,0.01689412806371025,1.13669835163165
googlenet,implicit precomp gemm,238,inception5a.branch1.conv,832,256,1,1,0,0.706766402721405,0.03789128813400342,1.6241610134840738
googlenet,implicit precomp gemm,238,inception5a.branch2.0.conv,832,160,1,1,0,0.46692159920930865,0.0250989203115274,1.0729936438253787
googlenet,implicit precomp gemm,238,inception5a.branch2.1.conv,160,320,3,1,1,0.6997871965169906,0.07916216244064876,1.6081226809054043
googlenet,implicit precomp gemm,238,inception5a.branch3.0.conv,832,32,1,1,0,0.4209503948688507,0.11870844794543339,0.9673510474240989
googlenet,implicit precomp gemm,238,inception5a.branch3.1.conv,32,128,3,1,1,0.3156640037894249,0.04023751001232397,0.7254011599037002
googlenet,implicit precomp gemm,238,inception5a.branch4.1.conv,832,128,1,1,0,0.45192159712314606,0.026072864131761683,1.0385233881698783
googlenet,implicit precomp gemm,238,inception5b.branch1.conv,832,384,1,1,0,0.7368272036314011,0.055973832069953246,1.6932412367150127
googlenet,implicit precomp gemm,238,inception5b.branch2.0.conv,832,192,1,1,0,0.4800863996148109,0.028728526558769212,1.1032465753266294
googlenet,implicit precomp gemm,238,inception5b.branch2.1.conv,192,384,3,1,1,0.9580719947814942,0.006503873728219817,2.2016654668974027
googlenet,implicit precomp gemm,238,inception5b.branch3.0.conv,832,48,1,1,0,0.4086768016219139,0.011769916370672033,0.9391461248778672
googlenet,implicit precomp gemm,238,inception5b.branch3.1.conv,48,128,3,1,1,0.2996944054961205,0.010047737584353424,0.6887027559485664
googlenet,implicit precomp gemm,238,inception5b.branch4.1.conv,832,128,1,1,0,0.4570175975561142,0.01834281899205513,1.0502340823908476
googlenet,implicit precomp gemm,241,conv1.conv,3,64,7,2,3,0.9777888059616089,0.009717233360855105,2.158348402649662
googlenet,implicit precomp gemm,241,conv2.conv,64,64,1,1,0,0.567769604921341,0.009939385634859944,1.25328149840071
googlenet,implicit precomp gemm,241,conv3.conv,64,192,3,1,1,1.2142112016677857,0.02113791319780357,2.6802217325669497
googlenet,implicit precomp gemm,241,inception3a.branch1.conv,192,64,1,1,0,0.4673519998788834,0.006728252112361069,1.0316219988034085
googlenet,implicit precomp gemm,241,inception3a.branch2.0.conv,192,96,1,1,0,0.46500319689512254,0.007133574046742094,1.0264373054041491
googlenet,implicit precomp gemm,241,inception3a.branch2.1.conv,96,128,3,1,1,0.6490832090377807,0.009264508645527868,1.4327712680609441
googlenet,implicit precomp gemm,241,inception3a.branch3.0.conv,192,16,1,1,0,0.3739424005150795,0.007583541960471956,0.8254318089078138
googlenet,implicit precomp gemm,241,inception3a.branch3.1.conv,16,32,3,1,1,0.21912159845232965,0.005378879047942287,0.4836839500739749
googlenet,implicit precomp gemm,241,inception3a.branch4.1.conv,192,32,1,1,0,0.37927679866552355,0.010657252947527758,0.8372068360475295
googlenet,implicit precomp gemm,241,inception3b.branch1.conv,256,128,1,1,0,0.7216111987829208,0.00642352328828454,1.592867875691734
googlenet,implicit precomp gemm,241,inception3b.branch2.0.conv,256,128,1,1,0,0.7015279918909073,0.00673961274047617,1.5485366691457245
googlenet,implicit precomp gemm,241,inception3b.branch2.1.conv,128,192,3,1,1,0.7633711963891983,0.008207797937956854,1.6850479288674516
googlenet,implicit precomp gemm,241,inception3b.branch3.0.conv,256,32,1,1,0,0.40257760137319565,0.0058247897746191045,0.8886404892024149
googlenet,implicit precomp gemm,241,inception3b.branch3.1.conv,32,96,3,1,1,0.3896384000778198,0.00746845246974875,0.8600787954325914
googlenet,implicit precomp gemm,241,inception3b.branch4.1.conv,256,64,1,1,0,0.6345792025327682,0.01046147212233566,1.4007554594515101
googlenet,implicit precomp gemm,241,inception4a.branch1.conv,480,192,1,1,0,0.7227712035179138,0.006948037413974479,1.5954284433230805
googlenet,implicit precomp gemm,241,inception4a.branch2.0.conv,480,96,1,1,0,0.4844608038663864,0.0067296110868527445,1.0693875771497034
googlenet,implicit precomp gemm,241,inception4a.branch2.1.conv,96,208,3,1,1,0.4368303969502449,0.007493246761823,0.9642493181941763
googlenet,implicit precomp gemm,241,inception4a.branch3.0.conv,480,16,1,1,0,0.30433439910411836,0.005992167375049954,0.6717807160123176
googlenet,implicit precomp gemm,241,inception4a.branch3.1.conv,16,48,3,1,1,0.2603040024638176,0.004952782488022191,0.5745890365031991
googlenet,implicit precomp gemm,241,inception4a.branch4.1.conv,480,64,1,1,0,0.4640864014625549,0.006899656318715277,1.0244135923636906
googlenet,implicit precomp gemm,241,inception4b.branch1.conv,512,160,1,1,0,0.680977600812912,0.009733451840042383,1.5031742110294282
googlenet,implicit precomp gemm,241,inception4b.branch2.0.conv,512,112,1,1,0,0.4836256057024002,0.008819823096184688,1.0675439800332867
googlenet,implicit precomp gemm,241,inception4b.branch2.1.conv,112,224,3,1,1,0.639414393901825,0.007653997580198781,1.4114285490842406
googlenet,implicit precomp gemm,241,inception4b.branch3.0.conv,512,24,1,1,0,0.3441280022263527,0.006285634715267989,0.7596201954693174
googlenet,implicit precomp gemm,241,inception4b.branch3.1.conv,24,64,3,1,1,0.2839376017451286,0.00679358076941671,0.6267572971200861
googlenet,implicit precomp gemm,241,inception4b.branch4.1.conv,512,64,1,1,0,0.46599520146846773,0.00619644314271507,1.028627033363036
googlenet,implicit precomp gemm,241,inception4c.branch1.conv,512,128,1,1,0,0.4789935991168022,0.007789642360570002,1.0573193957936908
googlenet,implicit precomp gemm,241,inception4c.branch2.0.conv,512,128,1,1,0,0.4564687982201576,0.008473960029088595,1.0075986710943907
googlenet,implicit precomp gemm,241,inception4c.branch2.1.conv,128,256,3,1,1,0.6822719961404801,0.010510142330527304,1.5060314293475559
googlenet,implicit precomp gemm,241,inception4c.branch3.0.conv,512,24,1,1,0,0.35027839690446855,0.007700842316012411,0.7731964344774142
googlenet,implicit precomp gemm,241,inception4c.branch3.1.conv,24,64,3,1,1,0.27953279912471773,0.00622938321468258,0.6170342376600209
googlenet,implicit precomp gemm,241,inception4c.branch4.1.conv,512,64,1,1,0,0.46875039935112,0.006486021648340783,1.0347087934657793
googlenet,implicit precomp gemm,241,inception4d.branch1.conv,512,112,1,1,0,0.4773519992828369,0.00761438901372494,1.0536957662759194
googlenet,implicit precomp gemm,241,inception4d.branch2.0.conv,512,144,1,1,0,0.47296960055828097,0.008495654705839416,1.04402216065756
googlenet,implicit precomp gemm,241,inception4d.branch2.1.conv,144,288,3,1,1,0.7032416045665741,0.004204986722308469,1.5523192581452463
googlenet,implicit precomp gemm,241,inception4d.branch3.0.conv,512,32,1,1,0,0.3508880004286766,0.008444424470775636,0.7745420592019988
googlenet,implicit precomp gemm,241,inception4d.branch3.1.conv,32,64,3,1,1,0.32002400159835814,0.0072490096179081455,0.706413581795995
googlenet,implicit precomp gemm,241,inception4d.branch4.1.conv,512,64,1,1,0,0.46804800182580947,0.005279058832476296,1.0331583374086675
googlenet,implicit precomp gemm,241,inception4e.branch1.conv,528,256,1,1,0,0.7324735969305038,0.007124758758457413,1.616845282211257
googlenet,implicit precomp gemm,241,inception4e.branch2.0.conv,528,160,1,1,0,0.7229232043027878,0.006237553497678975,1.5957639663411738
googlenet,implicit precomp gemm,241,inception4e.branch2.1.conv,160,320,3,1,1,1.0764192014932632,0.7653644403186158,2.3760628572952074
googlenet,implicit precomp gemm,241,inception4e.branch3.0.conv,528,32,1,1,0,0.36737280189990995,0.01176526428615421,0.8109302288215539
googlenet,implicit precomp gemm,241,inception4e.branch3.1.conv,32,128,3,1,1,0.3529055997729301,0.006930307894296052,0.7789956613452285
googlenet,implicit precomp gemm,241,inception4e.branch4.1.conv,528,128,1,1,0,0.5012976005673409,0.006363246297349048,1.1065527329008003
googlenet,implicit precomp gemm,241,inception5a.branch1.conv,832,256,1,1,0,0.5132943987846375,0.006284395339740061,1.133034187905542
googlenet,implicit precomp gemm,241,inception5a.branch2.0.conv,832,160,1,1,0,0.42926559746265414,0.006819315046879715,0.9475509547123513
googlenet,implicit precomp gemm,241,inception5a.branch2.1.conv,160,320,3,1,1,0.6947040021419525,0.00821456519894414,1.53347355195257
googlenet,implicit precomp gemm,241,inception5a.branch3.0.conv,832,32,1,1,0,0.39677760004997253,0.011246389465019518,0.875837700384401
googlenet,implicit precomp gemm,241,inception5a.branch3.1.conv,32,128,3,1,1,0.30622720122337344,0.006800626573050683,0.6759588436465447
googlenet,implicit precomp gemm,241,inception5a.branch4.1.conv,832,128,1,1,0,0.4391024008393288,0.0076318817674778,0.9692644870475313
googlenet,implicit precomp gemm,241,inception5b.branch1.conv,832,384,1,1,0,0.7231983959674835,0.005900887535044037,1.5963714180590676
googlenet,implicit precomp gemm,241,inception5b.branch2.0.conv,832,192,1,1,0,0.46349440068006514,0.008982256156018003,1.0231068235241787
googlenet,implicit precomp gemm,241,inception5b.branch2.1.conv,192,384,3,1,1,0.9641056060791016,0.009870436348790316,2.1281444236007294
googlenet,implicit precomp gemm,241,inception5b.branch3.0.conv,832,48,1,1,0,0.4347007989883423,0.008050396566137088,0.959548492891888
googlenet,implicit precomp gemm,241,inception5b.branch3.1.conv,48,128,3,1,1,0.3023072019219398,0.008295892284214255,0.6673059278235656
googlenet,implicit precomp gemm,241,inception5b.branch4.1.conv,832,128,1,1,0,0.43973280042409896,0.0055695376989943,0.9706560165153715
googlenet,implicit precomp gemm,244,conv1.conv,3,64,7,2,3,1.1026927888393403,0.008105081807430992,2.4167853036982807
googlenet,implicit precomp gemm,244,conv2.conv,64,64,1,1,0,0.5809296011924744,0.01087129312678496,1.2732305288067247
googlenet,implicit precomp gemm,244,conv3.conv,64,192,3,1,1,1.3506560027599335,0.013936167271777076,2.9602493195388666
googlenet,implicit precomp gemm,244,inception3a.branch1.conv,192,64,1,1,0,0.46778079867362976,0.006480265595521803,1.0252409111849081
googlenet,implicit precomp gemm,244,inception3a.branch2.0.conv,192,96,1,1,0,0.46754240244627,0.00930993819531307,1.0247184152507989
googlenet,implicit precomp gemm,244,inception3a.branch2.1.conv,96,128,3,1,1,0.6441695988178253,0.008328684362645883,1.411834406889336
googlenet,implicit precomp gemm,244,inception3a.branch3.0.conv,192,16,1,1,0,0.3783296003937721,0.010684657746258309,0.8291896232931011
googlenet,implicit precomp gemm,244,inception3a.branch3.1.conv,16,32,3,1,1,0.21792639940977096,0.004574808285980281,0.4776319612426089
googlenet,implicit precomp gemm,244,inception3a.branch4.1.conv,192,32,1,1,0,0.3783776000142097,0.004317461860689167,0.829294824649663
googlenet,implicit precomp gemm,244,inception3b.branch1.conv,256,128,1,1,0,0.7104607969522476,0.003781927071820334,1.5571256385336967
googlenet,implicit precomp gemm,244,inception3b.branch2.0.conv,256,128,1,1,0,0.7013696044683456,0.005673442044527201,1.537200360513775
googlenet,implicit precomp gemm,244,inception3b.branch2.1.conv,128,192,3,1,1,0.7452255964279175,0.007668247482505688,1.6333200757415907
googlenet,implicit precomp gemm,244,inception3b.branch3.0.conv,256,32,1,1,0,0.4028368011116982,0.008256026975965497,0.8829023555512036
googlenet,implicit precomp gemm,244,inception3b.branch3.1.conv,32,96,3,1,1,0.39048479944467546,0.007327524838413299,0.8558303220689327
googlenet,implicit precomp gemm,244,inception3b.branch4.1.conv,256,64,1,1,0,0.64583520591259,0.006149903309176174,1.4154849383783465
googlenet,implicit precomp gemm,244,inception4a.branch1.conv,480,192,1,1,0,0.7273247987031937,0.007759868079618714,1.5940866779145086
googlenet,implicit precomp gemm,244,inception4a.branch2.0.conv,480,96,1,1,0,0.4831024006009102,0.006379067341979348,1.0588214539632301
googlenet,implicit precomp gemm,244,inception4a.branch2.1.conv,96,208,3,1,1,0.4458624005317688,0.0073259642193868775,0.9772020892700446
googlenet,implicit precomp gemm,244,inception4a.branch3.0.conv,480,16,1,1,0,0.3067344009876251,0.005083471042893023,0.6722735470374016
googlenet,implicit precomp gemm,244,inception4a.branch3.1.conv,16,48,3,1,1,0.2572223961353302,0.006258807195645855,0.5637574790130387
googlenet,implicit precomp gemm,244,inception4a.branch4.1.conv,480,64,1,1,0,0.4616896003484726,0.009013584434063386,1.011890757140964
googlenet,implicit precomp gemm,244,inception4b.branch1.conv,512,160,1,1,0,0.679452794790268,0.007616294400959367,1.489165020054459
googlenet,implicit precomp gemm,244,inception4b.branch2.0.conv,512,112,1,1,0,0.48567680418491366,0.013210537929517718,1.0644638058590439
googlenet,implicit precomp gemm,244,inception4b.branch2.1.conv,112,224,3,1,1,0.6371407955884933,0.007860244846906545,1.3964292926823985
googlenet,implicit precomp gemm,244,inception4b.branch3.0.conv,512,24,1,1,0,0.3449775993824005,0.006787081184818166,0.7560916337995316
googlenet,implicit precomp gemm,244,inception4b.branch3.1.conv,24,64,3,1,1,0.281843201816082,0.007100550954539762,0.6177192006608998
googlenet,implicit precomp gemm,244,inception4b.branch4.1.conv,512,64,1,1,0,0.4682719990611076,0.0071417271671049025,1.0263174810959863
googlenet,implicit precomp gemm,244,inception4c.branch1.conv,512,128,1,1,0,0.4757008031010628,0.006617802119612306,1.0425992819833538
googlenet,implicit precomp gemm,244,inception4c.branch2.0.conv,512,128,1,1,0,0.4570608019828796,0.00822608079830545,1.0017457630166056
googlenet,implicit precomp gemm,244,inception4c.branch2.1.conv,128,256,3,1,1,0.668723201751709,0.007210529816389015,1.4656488394530178
googlenet,implicit precomp gemm,244,inception4c.branch3.0.conv,512,24,1,1,0,0.34906560331583025,0.007738780291473662,0.7650513621370797
googlenet,implicit precomp gemm,244,inception4c.branch3.1.conv,24,64,3,1,1,0.2826960027217865,0.006128821131601612,0.6195882948607961
googlenet,implicit precomp gemm,244,inception4c.branch4.1.conv,512,64,1,1,0,0.4666448011994362,0.005594076397060105,1.022751131594022
googlenet,implicit precomp gemm,244,inception4d.branch1.conv,512,112,1,1,0,0.4729903995990753,0.008273356318793517,1.0366588574000113
googlenet,implicit precomp gemm,244,inception4d.branch2.0.conv,512,144,1,1,0,0.46601600050926206,0.007909437807751237,1.0213729814126213
googlenet,implicit precomp gemm,244,inception4d.branch2.1.conv,144,288,3,1,1,0.7029967993497849,0.005922468212202037,1.5407667034839279
googlenet,implicit precomp gemm,244,inception4d.branch3.0.conv,512,32,1,1,0,0.35191680043935775,0.007078957148269763,0.7713003658268027
googlenet,implicit precomp gemm,244,inception4d.branch3.1.conv,32,64,3,1,1,0.3226543977856636,0.007979315718465958,0.7071655991899517
googlenet,implicit precomp gemm,244,inception4d.branch4.1.conv,512,64,1,1,0,0.4689679995179176,0.00497575988049492,1.0278429138297547
googlenet,implicit precomp gemm,244,inception4e.branch1.conv,528,256,1,1,0,0.7322575986385346,0.007117198064715444,1.6048979560061738
googlenet,implicit precomp gemm,244,inception4e.branch2.0.conv,528,160,1,1,0,0.7188256025314331,0.008606977381098772,1.5754588854694522
googlenet,implicit precomp gemm,244,inception4e.branch2.1.conv,160,320,3,1,1,0.8969167977571487,0.006833721517958142,1.9657835413444629
googlenet,implicit precomp gemm,244,inception4e.branch3.0.conv,528,32,1,1,0,0.36655200123786924,0.0065852971661924655,0.8033765148363065
googlenet,implicit precomp gemm,244,inception4e.branch3.1.conv,32,128,3,1,1,0.3466543972492218,0.0050632680315072,0.7597666922408512
googlenet,implicit precomp gemm,244,inception4e.branch4.1.conv,528,128,1,1,0,0.5015007972717285,0.005733360672757462,1.0991454455007528
googlenet,implicit precomp gemm,244,inception5a.branch1.conv,832,256,1,1,0,0.5125551998615265,0.008599175780975913,1.1233735151776287
googlenet,implicit precomp gemm,244,inception5a.branch2.0.conv,832,160,1,1,0,0.42733599692583085,0.005587476408424472,0.9365975433635263
googlenet,implicit precomp gemm,244,inception5a.branch2.1.conv,160,320,3,1,1,0.6897183984518052,0.007210178207390971,1.5116642694500302
googlenet,implicit precomp gemm,244,inception5a.branch3.0.conv,832,32,1,1,0,0.39516319930553434,0.007534323906215026,0.8660840283985524
googlenet,implicit precomp gemm,244,inception5a.branch3.1.conv,32,128,3,1,1,0.30395200103521347,0.009850387214566651,0.6661753269510282
googlenet,implicit precomp gemm,244,inception5a.branch4.1.conv,832,128,1,1,0,0.43445439636707306,0.010522671479585416,0.9521990266865071
googlenet,implicit precomp gemm,244,inception5b.branch1.conv,832,384,1,1,0,0.7207312017679215,0.007052824876745041,1.5796354106776485
googlenet,implicit precomp gemm,244,inception5b.branch2.0.conv,832,192,1,1,0,0.46213440001010897,0.008658491387178651,1.0128656300123684
googlenet,implicit precomp gemm,244,inception5b.branch2.1.conv,192,384,3,1,1,0.9542255997657776,0.006618786280521678,2.091387945280751
googlenet,implicit precomp gemm,244,inception5b.branch3.0.conv,832,48,1,1,0,0.4335935994982719,0.007703740728424022,0.9503124076362658
googlenet,implicit precomp gemm,244,inception5b.branch3.1.conv,48,128,3,1,1,0.3002832025289536,0.005788295625949609,0.6581343762874331
googlenet,implicit precomp gemm,244,inception5b.branch4.1.conv,832,128,1,1,0,0.4371407970786095,0.00916044577985236,0.9580868440597572
googlenet,implicit precomp gemm,247,conv1.conv,3,64,7,2,3,1.104390400648117,0.01759569463718173,2.3724581598611088
googlenet,implicit precomp gemm,247,conv2.conv,64,64,1,1,0,0.5885023981332779,0.015007897623609137,1.2642244225681065
googlenet,implicit precomp gemm,247,conv3.conv,64,192,3,1,1,1.3191392242908477,0.020997572342520265,2.833782885857258
googlenet,implicit precomp gemm,247,inception3a.branch1.conv,192,64,1,1,0,0.48032319992780687,0.00824276718005321,1.031833212576436
googlenet,implicit precomp gemm,247,inception3a.branch2.0.conv,192,96,1,1,0,0.7227952033281326,0.008248013209242065,1.552713041545777
googlenet,implicit precomp gemm,247,inception3a.branch2.1.conv,96,128,3,1,1,0.65381920337677,0.010280288149099872,1.4045383799196391
googlenet,implicit precomp gemm,247,inception3a.branch3.0.conv,192,16,1,1,0,0.3802912011742592,0.0071560083760178915,0.8169438658827334
googlenet,implicit precomp gemm,247,inception3a.branch3.1.conv,16,32,3,1,1,0.2228335991501808,0.0047504801879694105,0.478692489797826
googlenet,implicit precomp gemm,247,inception3a.branch4.1.conv,192,32,1,1,0,0.3865119978785515,0.007125879172875244,0.8303074191092684
googlenet,implicit precomp gemm,247,inception3b.branch1.conv,256,128,1,1,0,0.7267344027757645,0.014779671406167717,1.5611752537013428
googlenet,implicit precomp gemm,247,inception3b.branch2.0.conv,256,128,1,1,0,0.7174272030591965,0.014821993224771008,1.5411814707962483
googlenet,implicit precomp gemm,247,inception3b.branch2.1.conv,128,192,3,1,1,0.9298239946365356,0.010937594898516492,1.9974535472379304
googlenet,implicit precomp gemm,247,inception3b.branch3.0.conv,256,32,1,1,0,0.42213919907808306,0.008420302106005105,0.9068419889038254
googlenet,implicit precomp gemm,247,inception3b.branch3.1.conv,32,96,3,1,1,0.4037647992372513,0.006187002358956522,0.8673699916740871
googlenet,implicit precomp gemm,247,inception3b.branch4.1.conv,256,64,1,1,0,0.6588976055383682,0.008237648677959591,1.4154478342577692
googlenet,implicit precomp gemm,247,inception4a.branch1.conv,480,192,1,1,0,0.7251568049192428,0.009527540575019004,1.5577862484134593
googlenet,implicit precomp gemm,247,inception4a.branch2.0.conv,480,96,1,1,0,0.4860111981630325,0.005919092757334964,1.0440522048988226
googlenet,implicit precomp gemm,247,inception4a.branch2.1.conv,96,208,3,1,1,0.4393168017268181,0.008524762347144948,0.9437430191436093
googlenet,implicit precomp gemm,247,inception4a.branch3.0.conv,480,16,1,1,0,0.3075039967894554,0.009065664092539715,0.6605819517671587
googlenet,implicit precomp gemm,247,inception4a.branch3.1.conv,16,48,3,1,1,0.2570319980382919,0.0034247596385702213,0.5521576977973435
googlenet,implicit precomp gemm,247,inception4a.branch4.1.conv,480,64,1,1,0,0.466422401368618,0.008338328728293752,1.0019714327647142
googlenet,implicit precomp gemm,247,inception4b.branch1.conv,512,160,1,1,0,0.6847216010093689,0.006357441204662522,1.4709230980226817
googlenet,implicit precomp gemm,247,inception4b.branch2.0.conv,512,112,1,1,0,0.48471360206604003,0.009864223364466488,1.0412647010897464
googlenet,implicit precomp gemm,247,inception4b.branch2.1.conv,112,224,3,1,1,0.6463807940483093,0.009222861454347512,1.3885591438656701
googlenet,implicit precomp gemm,247,inception4b.branch3.0.conv,512,24,1,1,0,0.3487199991941452,0.007641276354863905,0.7491224182222065
googlenet,implicit precomp gemm,247,inception4b.branch3.1.conv,24,64,3,1,1,0.2854800015687943,0.006820391730728042,0.6132698715975594
googlenet,implicit precomp gemm,247,inception4b.branch4.1.conv,512,64,1,1,0,0.46863199919462206,0.007061889679812188,1.0067181042218714
googlenet,implicit precomp gemm,247,inception4c.branch1.conv,512,128,1,1,0,0.47864640057086943,0.006050733372608485,1.0282311020234274
googlenet,implicit precomp gemm,247,inception4c.branch2.0.conv,512,128,1,1,0,0.4583967998623848,0.011330456243744635,0.9847307869115064
googlenet,implicit precomp gemm,247,inception4c.branch2.1.conv,128,256,3,1,1,0.6726031988859177,0.008467309488861088,1.4448902730493867
googlenet,implicit precomp gemm,247,inception4c.branch3.0.conv,512,24,1,1,0,0.35237119942903516,0.007580009282187329,0.7569659487214465
googlenet,implicit precomp gemm,247,inception4c.branch3.1.conv,24,64,3,1,1,0.2808288007974625,0.0044803293850253926,0.60327813387816
googlenet,implicit precomp gemm,247,inception4c.branch4.1.conv,512,64,1,1,0,0.4709439963102341,0.006721448118238,1.0116847504542998
googlenet,implicit precomp gemm,247,inception4d.branch1.conv,512,112,1,1,0,0.47466560155153276,0.007567949871960625,1.0196795254155087
googlenet,implicit precomp gemm,247,inception4d.branch2.0.conv,512,144,1,1,0,0.46875360012054446,0.011586319354894084,1.0069793280687844
googlenet,implicit precomp gemm,247,inception4d.branch2.1.conv,144,288,3,1,1,0.7038463979959488,0.004960731593047515,1.512007102954155
googlenet,implicit precomp gemm,247,inception4d.branch3.0.conv,512,32,1,1,0,0.3506415978074074,0.0076268285167122776,0.753250408023038
googlenet,implicit precomp gemm,247,inception4d.branch3.1.conv,32,64,3,1,1,0.3247312009334564,0.0075256128394587925,0.6975895362400435
googlenet,implicit precomp gemm,247,inception4d.branch4.1.conv,512,64,1,1,0,0.4700032025575638,0.006479459476730268,1.0096637316062917
googlenet,implicit precomp gemm,247,inception4e.branch1.conv,528,256,1,1,0,0.7318544030189514,0.0068125481971905285,1.5721740692907498
googlenet,implicit precomp gemm,247,inception4e.branch2.0.conv,528,160,1,1,0,0.7246607959270477,0.007199306674682983,1.5567207188867564
googlenet,implicit precomp gemm,247,inception4e.branch2.1.conv,160,320,3,1,1,0.8973519980907441,0.0053611146472097625,1.927697007225599
googlenet,implicit precomp gemm,247,inception4e.branch3.0.conv,528,32,1,1,0,0.36467519849538804,0.006326843457010258,0.7833974741736431
googlenet,implicit precomp gemm,247,inception4e.branch3.1.conv,32,128,3,1,1,0.3511904016137123,0.007984000011146457,0.7544293516897583
googlenet,implicit precomp gemm,247,inception4e.branch4.1.conv,528,128,1,1,0,0.5005792036652565,0.0069728484105093785,1.0753472827140318
googlenet,implicit precomp gemm,247,inception5a.branch1.conv,832,256,1,1,0,0.5111455991864204,0.0050706595095869915,1.0980460776870717
googlenet,implicit precomp gemm,247,inception5a.branch2.0.conv,832,160,1,1,0,0.43240800201892854,0.007822341716826697,0.9289014936901016
googlenet,implicit precomp gemm,247,inception5a.branch2.1.conv,160,320,3,1,1,0.6899327993392944,0.005938894638349352,1.4821178258953898
googlenet,implicit precomp gemm,247,inception5a.branch3.0.conv,832,32,1,1,0,0.39774559885263444,0.009731467125320654,0.8544395088847195
googlenet,implicit precomp gemm,247,inception5a.branch3.1.conv,32,128,3,1,1,0.3049760028719902,0.006167337367663452,0.65515129989437
googlenet,implicit precomp gemm,247,inception5a.branch4.1.conv,832,128,1,1,0,0.43612960129976275,0.009778208913962357,0.9368962558470044
googlenet,implicit precomp gemm,247,inception5b.branch1.conv,832,384,1,1,0,0.7213776022195816,0.006384779380825466,1.5496677422427079
googlenet,implicit precomp gemm,247,inception5b.branch2.0.conv,832,192,1,1,0,0.4604960024356842,0.009046886419189968,0.9892403066169503
googlenet,implicit precomp gemm,247,inception5b.branch2.1.conv,192,384,3,1,1,0.9595440059900284,0.0068436444609191295,2.061298255961747
googlenet,implicit precomp gemm,247,inception5b.branch3.0.conv,832,48,1,1,0,0.4333664014935493,0.007692063834682579,0.9309603332568311
googlenet,implicit precomp gemm,247,inception5b.branch3.1.conv,48,128,3,1,1,0.3005248010158539,0.006618213884468621,0.6455892010581413
googlenet,implicit precomp gemm,247,inception5b.branch4.1.conv,832,128,1,1,0,0.43735520243644715,0.00506261003696865,0.9395290996454977
googlenet,implicit precomp gemm,250,conv1.conv,3,64,7,2,3,1.1546383917331695,0.006788371083469555,2.475287710264635
googlenet,implicit precomp gemm,250,conv2.conv,64,64,1,1,0,0.5880512028932572,0.008813190266470369,1.260650889446949
googlenet,implicit precomp gemm,250,conv3.conv,64,192,3,1,1,1.314635193347931,0.004630194868533186,2.8182852405339993
googlenet,implicit precomp gemm,250,inception3a.branch1.conv,192,64,1,1,0,0.48404639959335327,0.006742493772235012,1.0376877407590641
googlenet,implicit precomp gemm,250,inception3a.branch2.0.conv,192,96,1,1,0,0.717086398601532,0.005909812826611761,1.5372736281459891
googlenet,implicit precomp gemm,250,inception3a.branch2.1.conv,96,128,3,1,1,0.6613103985786438,0.008603562383781179,1.417702298825181
googlenet,implicit precomp gemm,250,inception3a.branch3.0.conv,192,16,1,1,0,0.3785680025815964,0.007896616240342155,0.8115655351482601
googlenet,implicit precomp gemm,250,inception3a.branch3.1.conv,16,32,3,1,1,0.2229103997349739,0.004697033115571461,0.47787028121066355
googlenet,implicit precomp gemm,250,inception3a.branch4.1.conv,192,32,1,1,0,0.3879040017724037,0.0060344876667897005,0.8315798393888784
googlenet,implicit precomp gemm,250,inception3b.branch1.conv,256,128,1,1,0,0.715556800365448,0.006118701268717348,1.5339945099887125
googlenet,implicit precomp gemm,250,inception3b.branch2.0.conv,256,128,1,1,0,0.70939040184021,0.009942845447533075,1.5207751240793246
googlenet,implicit precomp gemm,250,inception3b.branch2.1.conv,128,192,3,1,1,0.9324320018291473,0.005715460387435542,1.9989266694316836
googlenet,implicit precomp gemm,250,inception3b.branch3.0.conv,256,32,1,1,0,0.42347360253334043,0.006715642348507856,0.9078331462708767
googlenet,implicit precomp gemm,250,inception3b.branch3.1.conv,32,96,3,1,1,0.39888800084590914,0.007086017133297722,0.8551270885630504
googlenet,implicit precomp gemm,250,inception3b.branch4.1.conv,256,64,1,1,0,0.655375999212265,0.008604619452045782,1.404980267473573
googlenet,implicit precomp gemm,250,inception4a.branch1.conv,480,192,1,1,0,0.7209392040967941,0.007425677824143818,1.5455331855630496
googlenet,implicit precomp gemm,250,inception4a.branch2.0.conv,480,96,1,1,0,0.4802720010280609,0.005896520767194661,1.0295962703478951
googlenet,implicit precomp gemm,250,inception4a.branch2.1.conv,96,208,3,1,1,0.43620639741420747,0.005298697430558241,0.9351294244057321
googlenet,implicit precomp gemm,250,inception4a.branch3.0.conv,480,16,1,1,0,0.3049904018640518,0.005392160478112887,0.6538315362522796
googlenet,implicit precomp gemm,250,inception4a.branch3.1.conv,16,48,3,1,1,0.2591488003730774,0.005497710092553807,0.5555573461665576
googlenet,implicit precomp gemm,250,inception4a.branch4.1.conv,480,64,1,1,0,0.4583887979388237,0.004968623020215143,0.9826835537295726
googlenet,implicit precomp gemm,250,inception4b.branch1.conv,512,160,1,1,0,0.6770863950252533,0.005584994613924901,1.4515225237553904
googlenet,implicit precomp gemm,250,inception4b.branch2.0.conv,512,112,1,1,0,0.48321279883384705,0.008612331895843177,1.0359006862751268
googlenet,implicit precomp gemm,250,inception4b.branch2.1.conv,112,224,3,1,1,0.6498143970966339,0.007383622369805137,1.3930574304496461
googlenet,implicit precomp gemm,250,inception4b.branch3.0.conv,512,24,1,1,0,0.347673599421978,0.004837735156459836,0.7453348113091063
googlenet,implicit precomp gemm,250,inception4b.branch3.1.conv,24,64,3,1,1,0.2809856027364731,0.00409174522026789,0.6023705899566378
googlenet,implicit precomp gemm,250,inception4b.branch4.1.conv,512,64,1,1,0,0.46580960303545,0.006829996917852216,0.9985921081198142
googlenet,implicit precomp gemm,250,inception4c.branch1.conv,512,128,1,1,0,0.47761919945478437,0.006738324115351207,1.0239092542404145
googlenet,implicit precomp gemm,250,inception4c.branch2.0.conv,512,128,1,1,0,0.4612736016511917,0.008934591382805583,0.9888679307837875
googlenet,implicit precomp gemm,250,inception4c.branch2.1.conv,128,256,3,1,1,0.6791488051414489,0.007395661645088152,1.455943871989344
googlenet,implicit precomp gemm,250,inception4c.branch3.0.conv,512,24,1,1,0,0.3483200013637543,0.006548045841341852,0.7467205531948999
googlenet,implicit precomp gemm,250,inception4c.branch3.1.conv,24,64,3,1,1,0.27898240089416504,0.006552256097407714,0.5980761710832089
googlenet,implicit precomp gemm,250,inception4c.branch4.1.conv,512,64,1,1,0,0.4657552018761635,0.004340341617903132,0.9984754841430175
googlenet,implicit precomp gemm,250,inception4d.branch1.conv,512,112,1,1,0,0.4761407971382141,0.009029172462153644,1.0207398887392898
googlenet,implicit precomp gemm,250,inception4d.branch2.0.conv,512,144,1,1,0,0.4669072017073631,0.006020935425869018,1.000945115366794
googlenet,implicit precomp gemm,250,inception4d.branch2.1.conv,144,288,3,1,1,0.7023647993803024,0.005155291942876406,1.5057137961772527
googlenet,implicit precomp gemm,250,inception4d.branch3.0.conv,512,32,1,1,0,0.35044319927692413,0.007494112004320785,0.7512722169353027
googlenet,implicit precomp gemm,250,inception4d.branch3.1.conv,32,64,3,1,1,0.32332959622144697,0.007522415558291003,0.693146686981743
googlenet,implicit precomp gemm,250,inception4d.branch4.1.conv,512,64,1,1,0,0.46724639683961866,0.009305027612705194,1.0016722742316515
googlenet,implicit precomp gemm,250,inception4e.branch1.conv,528,256,1,1,0,0.7328784048557282,0.0059649979347796015,1.571128174540171
googlenet,implicit precomp gemm,250,inception4e.branch2.0.conv,528,160,1,1,0,0.7192864030599594,0.008941611047588576,1.5419899480236772
googlenet,implicit precomp gemm,250,inception4e.branch2.1.conv,160,320,3,1,1,0.8961279958486557,0.005715043150305154,1.9210989612242713
googlenet,implicit precomp gemm,250,inception4e.branch3.0.conv,528,32,1,1,0,0.36547999978065493,0.00759534314615247,0.7835077702956204
googlenet,implicit precomp gemm,250,inception4e.branch3.1.conv,32,128,3,1,1,0.34746079742908476,0.0064263195461764615,0.7448786112022159
googlenet,implicit precomp gemm,250,inception4e.branch4.1.conv,528,128,1,1,0,0.49903360158205035,0.004481365149975943,1.0698169659428813
googlenet,implicit precomp gemm,250,inception5a.branch1.conv,832,256,1,1,0,0.5129327952861786,0.005873436651306688,1.0996137435355384
googlenet,implicit precomp gemm,250,inception5a.branch2.0.conv,832,160,1,1,0,0.42789600044488907,0.005781539962042836,0.9173137830474911
googlenet,implicit precomp gemm,250,inception5a.branch2.1.conv,160,320,3,1,1,0.6867935955524445,0.005611858412298436,1.4723326010385156
googlenet,implicit precomp gemm,250,inception5a.branch3.0.conv,832,32,1,1,0,0.39904959946870805,0.012907677812418363,0.8554735200414023
googlenet,implicit precomp gemm,250,inception5a.branch3.1.conv,32,128,3,1,1,0.3059935986995697,0.007611654877115425,0.6559821669741686
googlenet,implicit precomp gemm,250,inception5a.branch4.1.conv,832,128,1,1,0,0.43540959656238554,0.010813345273119595,0.9334212607328763
googlenet,implicit precomp gemm,250,inception5b.branch1.conv,832,384,1,1,0,0.7197887986898422,0.006188125902777675,1.5430669724299704
googlenet,implicit precomp gemm,250,inception5b.branch2.0.conv,832,192,1,1,0,0.4619279995560646,0.008077637678807852,0.9902708142347036
googlenet,implicit precomp gemm,250,inception5b.branch2.1.conv,192,384,3,1,1,0.9535407990217208,0.006551054513062188,2.044179232176298
googlenet,implicit precomp gemm,250,inception5b.branch3.0.conv,832,48,1,1,0,0.43479680120944975,0.0073840420626023525,0.9321075638933382
googlenet,implicit precomp gemm,250,inception5b.branch3.1.conv,48,128,3,1,1,0.3011984035372734,0.006270411496714143,0.645702335869873
googlenet,implicit precomp gemm,250,inception5b.branch4.1.conv,832,128,1,1,0,0.43903200030326844,0.010939089398540216,0.9411868880718087
googlenet,implicit precomp gemm,253,conv1.conv,3,64,7,2,3,1.1388719916343688,0.010904217445132473,2.4448835652281122
googlenet,implicit precomp gemm,253,conv2.conv,64,64,1,1,0,0.5941264003515243,0.008299496492037137,1.2754461278857427
googlenet,implicit precomp gemm,253,conv3.conv,64,192,3,1,1,1.325217604637146,0.010680651429071616,2.8449226653459725
googlenet,implicit precomp gemm,253,inception3a.branch1.conv,192,64,1,1,0,0.4809183984994888,0.010577056873789938,1.0324158442248421
googlenet,implicit precomp gemm,253,inception3a.branch2.0.conv,192,96,1,1,0,0.7176384061574936,0.008998671009874962,1.5405966235705297
googlenet,implicit precomp gemm,253,inception3a.branch2.1.conv,96,128,3,1,1,0.6561855942010879,0.008031100868690242,1.408672253586106
googlenet,implicit precomp gemm,253,inception3a.branch3.0.conv,192,16,1,1,0,0.3748272016644478,0.0077699621565062394,0.8046636249564226
googlenet,implicit precomp gemm,253,inception3a.branch3.1.conv,16,32,3,1,1,0.22138400003314018,0.005886067165422591,0.4752580687393474
googlenet,implicit precomp gemm,253,inception3a.branch4.1.conv,192,32,1,1,0,0.38643839955329895,0.005591406777632873,0.8295900671725707
googlenet,implicit precomp gemm,253,inception3b.branch1.conv,256,128,1,1,0,0.7363568037748337,0.007485323480558551,1.5807805099407306
googlenet,implicit precomp gemm,253,inception3b.branch2.0.conv,256,128,1,1,0,0.7161919981241226,0.011881468290125468,1.5374915342757023
googlenet,implicit precomp gemm,253,inception3b.branch2.1.conv,128,192,3,1,1,0.9254447996616364,0.00806841249621042,1.9867068448768737
googlenet,implicit precomp gemm,253,inception3b.branch3.0.conv,256,32,1,1,0,0.42267680168151855,0.008062076791590144,0.9073851788657343
googlenet,implicit precomp gemm,253,inception3b.branch3.1.conv,32,96,3,1,1,0.4041919976472855,0.005728750894648407,0.8677027615952007
googlenet,implicit precomp gemm,253,inception3b.branch4.1.conv,256,64,1,1,0,0.6555664002895355,0.006624051235271103,1.4073429935558621
googlenet,implicit precomp gemm,253,inception4a.branch1.conv,480,192,1,1,0,0.7215536028146744,0.006641730351919615,1.549001606775043
googlenet,implicit precomp gemm,253,inception4a.branch2.0.conv,480,96,1,1,0,0.4841423988342285,0.00813846621945928,1.0393369955839016
googlenet,implicit precomp gemm,253,inception4a.branch2.1.conv,96,208,3,1,1,0.4432383984327316,0.006495778056730678,0.9515259693506651
googlenet,implicit precomp gemm,253,inception4a.branch3.0.conv,480,16,1,1,0,0.3026928022503853,0.005500289201478173,0.649808462207226
googlenet,implicit precomp gemm,253,inception4a.branch3.1.conv,16,48,3,1,1,0.25671520084142685,0.005077282581556664,0.551105637939808
googlenet,implicit precomp gemm,253,inception4a.branch4.1.conv,480,64,1,1,0,0.46368159651756286,0.006201073738341518,0.9954125864467445
googlenet,implicit precomp gemm,253,inception4b.branch1.conv,512,160,1,1,0,0.6810304015874863,0.007867341228856928,1.462008064552089
googlenet,implicit precomp gemm,253,inception4b.branch2.0.conv,512,112,1,1,0,0.4830016016960144,0.009011888489579966,1.0368879791931513
googlenet,implicit precomp gemm,253,inception4b.branch2.1.conv,112,224,3,1,1,0.649492797255516,0.005818982001276098,1.394304432287634
googlenet,implicit precomp gemm,253,inception4b.branch3.0.conv,512,24,1,1,0,0.34561280012130735,0.005780874301212593,0.7419473489170958
googlenet,implicit precomp gemm,253,inception4b.branch3.1.conv,24,64,3,1,1,0.2836768016219139,0.006023290414222814,0.608985693929118
googlenet,implicit precomp gemm,253,inception4b.branch4.1.conv,512,64,1,1,0,0.4691359966993332,0.0076926809689357705,1.0071218684912087
googlenet,implicit precomp gemm,253,inception4c.branch1.conv,512,128,1,1,0,0.47625439912080764,0.005895338790438521,1.0224033621259474
googlenet,implicit precomp gemm,253,inception4c.branch2.0.conv,512,128,1,1,0,0.46327999979257584,0.009323207138124588,0.9945504551097878
googlenet,implicit precomp gemm,253,inception4c.branch2.1.conv,128,256,3,1,1,0.6762655943632125,0.007572980349762691,1.4517791723151405
googlenet,implicit precomp gemm,253,inception4c.branch3.0.conv,512,24,1,1,0,0.34760000109672545,0.007363234560617082,0.7462133902644055
googlenet,implicit precomp gemm,253,inception4c.branch3.1.conv,24,64,3,1,1,0.28105280101299285,0.006956734871621099,0.6033525973115665
googlenet,implicit precomp gemm,253,inception4c.branch4.1.conv,512,64,1,1,0,0.46992639601230624,0.007419458662140677,1.0088186652378581
googlenet,implicit precomp gemm,253,inception4d.branch1.conv,512,112,1,1,0,0.47174879610538484,0.00795580636539077,1.0127309188269942
googlenet,implicit precomp gemm,253,inception4d.branch2.0.conv,512,144,1,1,0,0.46669760048389436,0.007901784261533967,1.0018872197541848
googlenet,implicit precomp gemm,253,inception4d.branch2.1.conv,144,288,3,1,1,0.702988800406456,0.006254322966041506,1.5091474522844892
googlenet,implicit precomp gemm,253,inception4d.branch3.0.conv,512,32,1,1,0,0.3519024014472961,0.007739576828538035,0.7554496064374333
googlenet,implicit precomp gemm,253,inception4d.branch3.1.conv,32,64,3,1,1,0.32228639870882037,0.0074721927831290025,0.6918711894643901
googlenet,implicit precomp gemm,253,inception4d.branch4.1.conv,512,64,1,1,0,0.46695039570331576,0.005338108332554908,1.0024299101371879
googlenet,implicit precomp gemm,253,inception4e.branch1.conv,528,256,1,1,0,0.7303407996892929,0.007109379015457228,1.5678655997268303
googlenet,implicit precomp gemm,253,inception4e.branch2.0.conv,528,160,1,1,0,0.7230528056621551,0.006911615378400019,1.552220033806064
googlenet,implicit precomp gemm,253,inception4e.branch2.1.conv,160,320,3,1,1,0.8963328033685685,0.0069630084042619465,1.9242104082178586
googlenet,implicit precomp gemm,253,inception4e.branch3.0.conv,528,32,1,1,0,0.3645776003599167,0.007800575824913976,0.7826602023034281
googlenet,implicit precomp gemm,253,inception4e.branch3.1.conv,32,128,3,1,1,0.3498911991715431,0.005204758532846101,0.7511320400854139
googlenet,implicit precomp gemm,253,inception4e.branch4.1.conv,528,128,1,1,0,0.5004511952400208,0.007346958006541184,1.0743480491474826
googlenet,implicit precomp gemm,253,inception5a.branch1.conv,832,256,1,1,0,0.5139231950044632,0.006252469314634275,1.1032691843205185
googlenet,implicit precomp gemm,253,inception5a.branch2.0.conv,832,160,1,1,0,0.4288831979036331,0.006722182519338995,0.920708815090176
googlenet,implicit precomp gemm,253,inception5a.branch2.1.conv,160,320,3,1,1,0.687996792793274,0.004165701035861296,1.4769632267591584
googlenet,implicit precomp gemm,253,inception5a.branch3.0.conv,832,32,1,1,0,0.40075999945402146,0.011225552253992424,0.860335088985602
googlenet,implicit precomp gemm,253,inception5a.branch3.1.conv,32,128,3,1,1,0.3049216017127037,0.0062432455243525585,0.6545931572525328
googlenet,implicit precomp gemm,253,inception5a.branch4.1.conv,832,128,1,1,0,0.43406079709529877,0.011318015290687516,0.9318238721501673
googlenet,implicit precomp gemm,253,inception5b.branch1.conv,832,384,1,1,0,0.7197680026292801,0.007974276795439671,1.5451683537146406
googlenet,implicit precomp gemm,253,inception5b.branch2.0.conv,832,192,1,1,0,0.45997280180454253,0.008103220792232085,0.9874506984494327
googlenet,implicit precomp gemm,253,inception5b.branch2.1.conv,192,384,3,1,1,0.9588623970746994,0.009155661347534193,2.0584463689891126
googlenet,implicit precomp gemm,253,inception5b.branch3.0.conv,832,48,1,1,0,0.434867200255394,0.006471380732361789,0.9335550252977967
googlenet,implicit precomp gemm,253,inception5b.branch3.1.conv,48,128,3,1,1,0.30471200197935105,0.010723746528802567,0.6541431971629754
googlenet,implicit precomp gemm,253,inception5b.branch4.1.conv,832,128,1,1,0,0.44055999666452406,0.022320289891519695,0.9457760865611419
googlenet,implicit precomp gemm,256,conv1.conv,3,64,7,2,3,1.1383488118648528,0.009678430539905856,2.1669918037222806
googlenet,implicit precomp gemm,256,conv2.conv,64,64,1,1,0,0.7867855995893478,0.006926868363956093,1.4977464972302823
googlenet,implicit precomp gemm,256,conv3.conv,64,192,3,1,1,1.3099759995937348,0.01887175224100964,2.4937059929303484
googlenet,implicit precomp gemm,256,inception3a.branch1.conv,192,64,1,1,0,0.4719216004014015,0.005855926503601825,0.8983628123562796
googlenet,implicit precomp gemm,256,inception3a.branch2.0.conv,192,96,1,1,0,0.7316832035779953,0.009974606491882596,1.392852075347022
googlenet,implicit precomp gemm,256,inception3a.branch2.1.conv,96,128,3,1,1,0.6668064028024674,0.019209719619295428,1.26935083032707
googlenet,implicit precomp gemm,256,inception3a.branch3.0.conv,192,16,1,1,0,0.3891951978206635,0.006873625718377084,0.740882579166409
googlenet,implicit precomp gemm,256,inception3a.branch3.1.conv,16,32,3,1,1,0.22488479763269426,0.004605892146720103,0.4280968260101705
googlenet,implicit precomp gemm,256,inception3a.branch4.1.conv,192,32,1,1,0,0.3953664019703865,0.005249017545624826,0.7526302514722633
googlenet,implicit precomp gemm,256,inception3b.branch1.conv,256,128,1,1,0,0.7489615976810455,0.009476152287559035,1.4257436969769994
googlenet,implicit precomp gemm,256,inception3b.branch2.0.conv,256,128,1,1,0,0.7388175994157791,0.009781107564347162,1.4064333055849318
googlenet,implicit precomp gemm,256,inception3b.branch2.1.conv,128,192,3,1,1,0.9458448022603989,0.03828988532130262,1.8005359277652966
googlenet,implicit precomp gemm,256,inception3b.branch3.0.conv,256,32,1,1,0,0.4302992016077042,0.007764478451726217,0.8191292803341892
googlenet,implicit precomp gemm,256,inception3b.branch3.1.conv,32,96,3,1,1,0.4026879981160164,0.008936637153067022,0.7665678413150049
googlenet,implicit precomp gemm,256,inception3b.branch4.1.conv,256,64,1,1,0,0.664180800318718,0.004445475335493064,1.2643526619248937
googlenet,implicit precomp gemm,256,inception4a.branch1.conv,480,192,1,1,0,0.7493423968553543,0.019224453378102663,1.4264685966571242
googlenet,implicit precomp gemm,256,inception4a.branch2.0.conv,480,96,1,1,0,0.4991968035697937,0.009876634262740987,0.9502846320083238
googlenet,implicit precomp gemm,256,inception4a.branch2.1.conv,96,208,3,1,1,0.45903519839048385,0.03410207687210671,0.8738319064985378
googlenet,implicit precomp gemm,256,inception4a.branch3.0.conv,480,16,1,1,0,0.3127280011773109,0.005748912010136451,0.5953175408823109
googlenet,implicit precomp gemm,256,inception4a.branch3.1.conv,16,48,3,1,1,0.18841279968619346,0.004660478456760448,0.35866773732340146
googlenet,implicit precomp gemm,256,inception4a.branch4.1.conv,480,64,1,1,0,0.4735199987888336,0.011002447697017503,0.901405567062523
googlenet,implicit precomp gemm,256,inception4b.branch1.conv,512,160,1,1,0,0.698228794336319,0.017309474911579272,1.3291673507094823
googlenet,implicit precomp gemm,256,inception4b.branch2.0.conv,512,112,1,1,0,0.49936000257730484,0.01555364543996071,0.9505953020841093
googlenet,implicit precomp gemm,256,inception4b.branch2.1.conv,112,224,3,1,1,0.6615920007228852,0.04003636941855447,1.2594245525025638
googlenet,implicit precomp gemm,256,inception4b.branch3.0.conv,512,24,1,1,0,0.3620111972093582,0.007250621604783602,0.6891343751861394
googlenet,implicit precomp gemm,256,inception4b.branch3.1.conv,24,64,3,1,1,0.2093519985675812,0.018040348545269314,0.39852816663956514
googlenet,implicit precomp gemm,256,inception4b.branch4.1.conv,512,64,1,1,0,0.48767520040273665,0.04769807467181138,0.9283517944030807
googlenet,implicit precomp gemm,256,inception4c.branch1.conv,512,128,1,1,0,0.49226240515708924,0.012950815573615023,0.9370841223161687
googlenet,implicit precomp gemm,256,inception4c.branch2.0.conv,512,128,1,1,0,0.47543360143899915,0.012215060096829194,0.9050483531885932
googlenet,implicit precomp gemm,256,inception4c.branch2.1.conv,128,256,3,1,1,0.6907104045152664,0.06355608533214392,1.3148551390660936
googlenet,implicit precomp gemm,256,inception4c.branch3.0.conv,512,24,1,1,0,0.3628256008028984,0.010107934381998874,0.6906846960488918
googlenet,implicit precomp gemm,256,inception4c.branch3.1.conv,24,64,3,1,1,0.2045151986181736,0.008723542487651613,0.3893207025148915
googlenet,implicit precomp gemm,256,inception4c.branch4.1.conv,512,64,1,1,0,0.477198401093483,0.011224012904796373,0.9084078738791039
googlenet,implicit precomp gemm,256,inception4d.branch1.conv,512,112,1,1,0,0.4899839982390404,0.024051040065259523,0.9327468848495017
googlenet,implicit precomp gemm,256,inception4d.branch2.0.conv,512,144,1,1,0,0.6714447975158692,0.013939150749115406,1.278180604840476
googlenet,implicit precomp gemm,256,inception4d.branch2.1.conv,144,288,3,1,1,0.7247615963220596,0.06200580387395763,1.3796759152492872
googlenet,implicit precomp gemm,256,inception4d.branch3.0.conv,512,32,1,1,0,0.3629983991384506,0.007061075506699379,0.6910136396669952
googlenet,implicit precomp gemm,256,inception4d.branch3.1.conv,32,64,3,1,1,0.32632160037755964,0.005679780947446347,0.6211946865717483
googlenet,implicit precomp gemm,256,inception4d.branch4.1.conv,512,64,1,1,0,0.48170240223407745,0.008993619057794769,0.9169818131268069
googlenet,implicit precomp gemm,256,inception4e.branch1.conv,528,256,1,1,0,0.6471472054719924,0.023067418889402797,1.231927046826907
googlenet,implicit precomp gemm,256,inception4e.branch2.0.conv,528,160,1,1,0,0.6945456057786942,0.01578292506190777,1.3221559326513728
googlenet,implicit precomp gemm,256,inception4e.branch2.1.conv,160,320,3,1,1,0.9279408067464828,0.0720630220947985,1.7664533942499518
googlenet,implicit precomp gemm,256,inception4e.branch3.0.conv,528,32,1,1,0,0.37490239888429644,0.0065310243931320745,0.7136744178150402
googlenet,implicit precomp gemm,256,inception4e.branch3.1.conv,32,128,3,1,1,0.3571408003568649,0.010409326547691434,0.6798629550816655
googlenet,implicit precomp gemm,256,inception4e.branch4.1.conv,528,128,1,1,0,0.5157311990857124,0.013827568789947314,0.9817599576633852
googlenet,implicit precomp gemm,256,inception5a.branch1.conv,832,256,1,1,0,0.5211199939250946,0.036230602130701,0.9920182142954204
googlenet,implicit precomp gemm,256,inception5a.branch2.0.conv,832,160,1,1,0,0.4368063986301422,0.02411184869419431,0.8315165578240552
googlenet,implicit precomp gemm,256,inception5a.branch2.1.conv,160,320,3,1,1,0.7133744031190872,0.07424601809790826,1.3579989441126292
googlenet,implicit precomp gemm,256,inception5a.branch3.0.conv,832,32,1,1,0,0.39931040108203886,0.010213255659663661,0.7601381556047737
googlenet,implicit precomp gemm,256,inception5a.branch3.1.conv,32,128,3,1,1,0.3066335991024971,0.008903466854469036,0.5837160710981288
googlenet,implicit precomp gemm,256,inception5a.branch4.1.conv,832,128,1,1,0,0.4429679960012436,0.01915280192222836,0.8432459424044633
googlenet,implicit precomp gemm,256,inception5b.branch1.conv,832,384,1,1,0,0.7356895983219147,0.05112896380733579,1.4004787575045994
googlenet,implicit precomp gemm,256,inception5b.branch2.0.conv,832,192,1,1,0,0.4727295994758606,0.023769378596253915,0.8999009414020678
googlenet,implicit precomp gemm,256,inception5b.branch2.1.conv,192,384,3,1,1,0.9613024055957794,0.007703000249588482,1.8299614424966606
googlenet,implicit precomp gemm,256,inception5b.branch3.0.conv,832,48,1,1,0,0.4335744008421898,0.011426131192554858,0.8253640388042761
googlenet,implicit precomp gemm,256,inception5b.branch3.1.conv,48,128,3,1,1,0.3021872013807297,0.009801313290720988,0.5752517872874621
googlenet,implicit precomp gemm,256,inception5b.branch4.1.conv,832,128,1,1,0,0.44138719886541367,0.018995527672153217,0.8402366939201791
googlenet,implicit precomp gemm,258,conv1.conv,3,64,7,2,3,1.153521591424942,0.0068818733281542435,2.4007130927646068
googlenet,implicit precomp gemm,258,conv2.conv,64,64,1,1,0,0.7907311946153641,0.013664921031622949,1.6456724745182407
googlenet,implicit precomp gemm,258,conv3.conv,64,192,3,1,1,1.3076384007930755,0.011058360964741144,2.721461525057181
googlenet,implicit precomp gemm,258,inception3a.branch1.conv,192,64,1,1,0,0.4686352014541626,0.00582272104080619,0.9753251887306293
googlenet,implicit precomp gemm,258,inception3a.branch2.0.conv,192,96,1,1,0,0.7305216014385223,0.006103393634700098,1.520364062673849
googlenet,implicit precomp gemm,258,inception3a.branch2.1.conv,96,128,3,1,1,0.6659311920404434,0.008105607048470883,1.3859382810831937
googlenet,implicit precomp gemm,258,inception3a.branch3.0.conv,192,16,1,1,0,0.3890240028500557,0.0056011412792106325,0.8096380891216238
googlenet,implicit precomp gemm,258,inception3a.branch3.1.conv,16,32,3,1,1,0.2254351980984211,0.005383102068059842,0.46917650754704393
googlenet,implicit precomp gemm,258,inception3a.branch4.1.conv,192,32,1,1,0,0.4002847969532013,0.0069570327824582,0.8330740924347072
googlenet,implicit precomp gemm,258,inception3b.branch1.conv,256,128,1,1,0,0.7425488024950028,0.007009165913532896,1.545395114767063
googlenet,implicit precomp gemm,258,inception3b.branch2.0.conv,256,128,1,1,0,0.739736008644104,0.008662679251784995,1.5395411185564167
googlenet,implicit precomp gemm,258,inception3b.branch2.1.conv,128,192,3,1,1,0.9349711984395981,0.004445589897661123,1.945865265234449
googlenet,implicit precomp gemm,258,inception3b.branch3.0.conv,256,32,1,1,0,0.4279103949666023,0.007359105821969294,0.8905685817786798
googlenet,implicit precomp gemm,258,inception3b.branch3.1.conv,32,96,3,1,1,0.40422399938106535,0.005344386878470928,0.8412723740394245
googlenet,implicit precomp gemm,258,inception3b.branch4.1.conv,256,64,1,1,0,0.6613023966550827,0.008600111476494079,1.3763048162499638
googlenet,implicit precomp gemm,258,inception4a.branch1.conv,480,192,1,1,0,0.7398575991392136,0.009330485885181783,1.539794173111906
googlenet,implicit precomp gemm,258,inception4a.branch2.0.conv,480,96,1,1,0,0.49681279957294466,0.010352960520897854,1.033968502587335
googlenet,implicit precomp gemm,258,inception4a.branch2.1.conv,96,208,3,1,1,0.45170719772577284,0.007857045020200624,0.9400945693064088
googlenet,implicit precomp gemm,258,inception4a.branch3.0.conv,480,16,1,1,0,0.3121504008769989,0.005881727862412227,0.6496484850113821
googlenet,implicit precomp gemm,258,inception4a.branch3.1.conv,16,48,3,1,1,0.18970559984445573,0.005469184080142632,0.3948159451049013
googlenet,implicit precomp gemm,258,inception4a.branch4.1.conv,480,64,1,1,0,0.4687951996922493,0.006467981690334467,0.9756581776125449
googlenet,implicit precomp gemm,258,inception4b.branch1.conv,512,160,1,1,0,0.6966783940792084,0.0083589076249831,1.449929463432159
googlenet,implicit precomp gemm,258,inception4b.branch2.0.conv,512,112,1,1,0,0.49758879989385607,0.00815053119291121,1.035583517116972
googlenet,implicit precomp gemm,258,inception4b.branch2.1.conv,112,224,3,1,1,0.6544448018074036,0.006671215443951565,1.362032766330758
googlenet,implicit precomp gemm,258,inception4b.branch3.0.conv,512,24,1,1,0,0.35976639688014983,0.006814304006194844,0.7487470592206276
googlenet,implicit precomp gemm,258,inception4b.branch3.1.conv,24,64,3,1,1,0.20856479927897453,0.006171558620732831,0.4340657756569064
googlenet,implicit precomp gemm,258,inception4b.branch4.1.conv,512,64,1,1,0,0.47791360020637513,0.006461328756916205,0.9946354240395423
googlenet,implicit precomp gemm,258,inception4c.branch1.conv,512,128,1,1,0,0.49091199934482577,0.010657393992733013,1.0216877369122563
googlenet,implicit precomp gemm,258,inception4c.branch2.0.conv,512,128,1,1,0,0.47581119984388354,0.008979156022255037,0.9902599011936875
googlenet,implicit precomp gemm,258,inception4c.branch2.1.conv,128,256,3,1,1,0.675244802236557,0.005682194732138633,1.4053217985699327
googlenet,implicit precomp gemm,258,inception4c.branch3.0.conv,512,24,1,1,0,0.3598895981907845,0.006619402371446261,0.7490034662109128
googlenet,implicit precomp gemm,258,inception4c.branch3.1.conv,24,64,3,1,1,0.2072271980345249,0.004429837717716566,0.43128195535885566
googlenet,implicit precomp gemm,258,inception4c.branch4.1.conv,512,64,1,1,0,0.47677280008792877,0.007422422084520092,0.9922611869199766
googlenet,implicit precomp gemm,258,inception4d.branch1.conv,512,112,1,1,0,0.4883760020136833,0.009862070972397323,1.0164098105679658
googlenet,implicit precomp gemm,258,inception4d.branch2.0.conv,512,144,1,1,0,0.671916800737381,0.010279843866567646,1.3983955504344792
googlenet,implicit precomp gemm,258,inception4d.branch2.1.conv,144,288,3,1,1,0.7101504027843475,0.0071383602578078235,1.4779674541595917
googlenet,implicit precomp gemm,258,inception4d.branch3.0.conv,512,32,1,1,0,0.36574400067329405,0.008605607879222021,0.7611876687386805
googlenet,implicit precomp gemm,258,inception4d.branch3.1.conv,32,64,3,1,1,0.3270976021885872,0.006908779437416043,0.6807566516514109
googlenet,implicit precomp gemm,258,inception4d.branch4.1.conv,512,64,1,1,0,0.47894079983234406,0.0053327853968892815,0.9967732354245032
googlenet,implicit precomp gemm,258,inception4e.branch1.conv,528,256,1,1,0,0.6425488024950028,0.007785077397285747,1.3372747717573572
googlenet,implicit precomp gemm,258,inception4e.branch2.0.conv,528,160,1,1,0,0.6955616027116776,0.009327466269449662,1.447605193407351
googlenet,implicit precomp gemm,258,inception4e.branch2.1.conv,160,320,3,1,1,0.9102639943361283,0.007193036912720348,1.8944445473061997
googlenet,implicit precomp gemm,258,inception4e.branch3.0.conv,528,32,1,1,0,0.37546880096197127,0.007345364923844364,0.7814269564564843
googlenet,implicit precomp gemm,258,inception4e.branch3.1.conv,32,128,3,1,1,0.35247999876737596,0.005047041273937453,0.7335825824752699
googlenet,implicit precomp gemm,258,inception4e.branch4.1.conv,528,128,1,1,0,0.5180832058191299,0.006377189900426328,1.0782365450264537
googlenet,implicit precomp gemm,258,inception5a.branch1.conv,832,256,1,1,0,0.5148399919271469,0.008047363539958078,1.0714867571499203
googlenet,implicit precomp gemm,258,inception5a.branch2.0.conv,832,160,1,1,0,0.43562719970941544,0.006420999710439125,0.9066288222788118
googlenet,implicit precomp gemm,258,inception5a.branch2.1.conv,160,320,3,1,1,0.6964575976133347,0.004779083283377834,1.4494699410700294
googlenet,implicit precomp gemm,258,inception5a.branch3.0.conv,832,32,1,1,0,0.39815519750118256,0.008338208338689448,0.8286419627504329
googlenet,implicit precomp gemm,258,inception5a.branch3.1.conv,32,128,3,1,1,0.3029055967926979,0.005538548302279713,0.6304081670405595
googlenet,implicit precomp gemm,258,inception5a.branch4.1.conv,832,128,1,1,0,0.43852800130844116,0.009844195182123266,0.9126659805167352
googlenet,implicit precomp gemm,258,inception5b.branch1.conv,832,384,1,1,0,0.7267408013343811,0.00720691315424449,1.512495448528599
googlenet,implicit precomp gemm,258,inception5b.branch2.0.conv,832,192,1,1,0,0.466200003027916,0.007813324266945506,0.9702570454129579
googlenet,implicit precomp gemm,258,inception5b.branch2.1.conv,192,384,3,1,1,0.9647376000881195,0.006976392577019835,2.0078152024469986
googlenet,implicit precomp gemm,258,inception5b.branch3.0.conv,832,48,1,1,0,0.4343856036663055,0.008599087796297278,0.9040448083350965
googlenet,implicit precomp gemm,258,inception5b.branch3.1.conv,48,128,3,1,1,0.2986912027001381,0.009859450359473564,0.6216371555993433
googlenet,implicit precomp gemm,258,inception5b.branch4.1.conv,832,128,1,1,0,0.43903040140867233,0.006718005060818492,0.9137115773286174
googlenet,implicit precomp gemm,261,conv1.conv,3,64,7,2,3,1.1622479915618897,0.0065164148647647345,2.4181167975564444
googlenet,implicit precomp gemm,261,conv2.conv,64,64,1,1,0,0.8088752001523971,0.010807445281697149,1.6829065077469638
googlenet,implicit precomp gemm,261,conv3.conv,64,192,3,1,1,1.3622431933879853,0.013316554871047666,2.8342171139067185
googlenet,implicit precomp gemm,261,inception3a.branch1.conv,192,64,1,1,0,0.46043840050697327,0.0058985634625691,0.9579658029864149
googlenet,implicit precomp gemm,261,inception3a.branch2.0.conv,192,96,1,1,0,0.724017596244812,0.00585191584758726,1.506355892990839
googlenet,implicit precomp gemm,261,inception3a.branch2.1.conv,96,128,3,1,1,0.6674064010381698,0.006670300644294565,1.3885733861138299
googlenet,implicit precomp gemm,261,inception3a.branch3.0.conv,192,16,1,1,0,0.38579519987106325,0.008216146391083928,0.8026667802378276
googlenet,implicit precomp gemm,261,inception3a.branch3.1.conv,16,32,3,1,1,0.2229791983962059,0.004100757868377927,0.46391970479806555
googlenet,implicit precomp gemm,261,inception3a.branch4.1.conv,192,32,1,1,0,0.39867839962244034,0.005583374798664281,0.8294709407537041
googlenet,implicit precomp gemm,261,inception3b.branch1.conv,256,128,1,1,0,0.7572416067123413,0.007705107155541824,1.5754801576718727
googlenet,implicit precomp gemm,261,inception3b.branch2.0.conv,256,128,1,1,0,0.7470639914274215,0.010082445028639878,1.5543051049652135
googlenet,implicit precomp gemm,261,inception3b.branch2.1.conv,128,192,3,1,1,0.9536863952875138,0.005756821171293851,1.984193656421553
googlenet,implicit precomp gemm,261,inception3b.branch3.0.conv,256,32,1,1,0,0.43269919902086257,0.00749518546681746,0.9002529658368958
googlenet,implicit precomp gemm,261,inception3b.branch3.1.conv,32,96,3,1,1,0.40221119821071627,0.004914872997278178,0.836821110141576
googlenet,implicit precomp gemm,261,inception3b.branch4.1.conv,256,64,1,1,0,0.6550480008125306,0.007389558979847641,1.3628610980363225
googlenet,implicit precomp gemm,261,inception4a.branch1.conv,480,192,1,1,0,0.7420623987913132,0.006926215935891858,1.5438990339238214
googlenet,implicit precomp gemm,261,inception4a.branch2.0.conv,480,96,1,1,0,0.49794079959392545,0.005006842055826128,1.035991475510019
googlenet,implicit precomp gemm,261,inception4a.branch2.1.conv,96,208,3,1,1,0.44037599861621857,0.005352822451096861,0.9162249427194357
googlenet,implicit precomp gemm,261,inception4a.branch3.0.conv,480,16,1,1,0,0.31623839735984804,0.007576420459569792,0.657950270716779
googlenet,implicit precomp gemm,261,inception4a.branch3.1.conv,16,48,3,1,1,0.18768640011548995,0.0031949339896721225,0.3904912205374189
googlenet,implicit precomp gemm,261,inception4a.branch4.1.conv,480,64,1,1,0,0.46857759952545164,0.0059475475835573,0.9748998256804774
googlenet,implicit precomp gemm,261,inception4b.branch1.conv,512,160,1,1,0,0.6944336026906968,0.008455550460518399,1.444804870944441
googlenet,implicit precomp gemm,261,inception4b.branch2.0.conv,512,112,1,1,0,0.49970880150794983,0.009833426147365577,1.039669894537157
googlenet,implicit precomp gemm,261,inception4b.branch2.1.conv,112,224,3,1,1,0.6533055961132049,0.0061951544835454125,1.3592359353325192
googlenet,implicit precomp gemm,261,inception4b.branch3.0.conv,512,24,1,1,0,0.36416320204734803,0.007394215211308145,0.7576602948044262
googlenet,implicit precomp gemm,261,inception4b.branch3.1.conv,24,64,3,1,1,0.20510239899158478,0.005285423482578432,0.4267261030532528
googlenet,implicit precomp gemm,261,inception4b.branch4.1.conv,512,64,1,1,0,0.477046400308609,0.004526502071864335,0.9925196018191239
googlenet,implicit precomp gemm,261,inception4c.branch1.conv,512,128,1,1,0,0.4938143938779831,0.007136687873258259,1.0274062759246498
googlenet,implicit precomp gemm,261,inception4c.branch2.0.conv,512,128,1,1,0,0.4792256012558937,0.0085156126645721,0.9970535416100617
googlenet,implicit precomp gemm,261,inception4c.branch2.1.conv,128,256,3,1,1,0.6743536025285721,0.008003710140466498,1.4030273965676363
googlenet,implicit precomp gemm,261,inception4c.branch3.0.conv,512,24,1,1,0,0.36288640052080157,0.009831278461654352,0.7550038434782865
googlenet,implicit precomp gemm,261,inception4c.branch3.1.conv,24,64,3,1,1,0.20209759920835496,0.005669506576932826,0.4204744623691011
googlenet,implicit precomp gemm,261,inception4c.branch4.1.conv,512,64,1,1,0,0.47616480439901354,0.003492095249581392,0.9906853961305556
googlenet,implicit precomp gemm,261,inception4d.branch1.conv,512,112,1,1,0,0.4913279995322227,0.009672968763743718,1.022233204448955
googlenet,implicit precomp gemm,261,inception4d.branch2.0.conv,512,144,1,1,0,0.6714464008808136,0.005735158019283465,1.3969788138302452
googlenet,implicit precomp gemm,261,inception4d.branch2.1.conv,144,288,3,1,1,0.7114863961935043,0.00586112981523913,1.4802840859775301
googlenet,implicit precomp gemm,261,inception4d.branch3.0.conv,512,32,1,1,0,0.36408799737691877,0.007587029370958407,0.7575038276148591
googlenet,implicit precomp gemm,261,inception4d.branch3.1.conv,32,64,3,1,1,0.32213920205831525,0.008849735002032977,0.6702271987597248
googlenet,implicit precomp gemm,261,inception4d.branch4.1.conv,512,64,1,1,0,0.4856175988912582,0.00863946418391849,1.0103524218526894
googlenet,implicit precomp gemm,261,inception4e.branch1.conv,528,256,1,1,0,0.6433279991149903,0.006205849949740538,1.33847703097149
googlenet,implicit precomp gemm,261,inception4e.branch2.0.conv,528,160,1,1,0,0.6932159990072251,0.007278727457839257,1.4422715837792701
googlenet,implicit precomp gemm,261,inception4e.branch2.1.conv,160,320,3,1,1,0.9064175993204117,0.006390342876424921,1.8858484922585124
googlenet,implicit precomp gemm,261,inception4e.branch3.0.conv,528,32,1,1,0,0.3757679983973503,0.007089423021429447,0.7818046712110926
googlenet,implicit precomp gemm,261,inception4e.branch3.1.conv,32,128,3,1,1,0.352900804579258,0.005749636977142688,0.734228296903748
googlenet,implicit precomp gemm,261,inception4e.branch4.1.conv,528,128,1,1,0,0.5152224034070969,0.008084684286171241,1.071946742176634
googlenet,implicit precomp gemm,261,inception5a.branch1.conv,832,256,1,1,0,0.5167344033718109,0.010552850494698281,1.0750925359651577
googlenet,implicit precomp gemm,261,inception5a.branch2.0.conv,832,160,1,1,0,0.43800159692764284,0.00879085007137628,0.9112848777341862
googlenet,implicit precomp gemm,261,inception5a.branch2.1.conv,160,320,3,1,1,0.696054396033287,0.007204145182324063,1.4481770149580593
googlenet,implicit precomp gemm,261,inception5a.branch3.0.conv,832,32,1,1,0,0.39795039892196654,0.0076185696450504,0.8279562978072509
googlenet,implicit precomp gemm,261,inception5a.branch3.1.conv,32,128,3,1,1,0.30965119749307635,0.007169346427755176,0.6442452621795766
googlenet,implicit precomp gemm,261,inception5a.branch4.1.conv,832,128,1,1,0,0.4391215980052948,0.009025964299642496,0.9136150976518065
googlenet,implicit precomp gemm,261,inception5b.branch1.conv,832,384,1,1,0,0.7245744049549103,0.008352573136837842,1.5075143621856149
googlenet,implicit precomp gemm,261,inception5b.branch2.0.conv,832,192,1,1,0,0.4717471972107887,0.013699919206929341,0.9814943368863946
googlenet,implicit precomp gemm,261,inception5b.branch2.1.conv,192,384,3,1,1,0.9636431932449341,0.006183014780479241,2.004909287307142
googlenet,implicit precomp gemm,261,inception5b.branch3.0.conv,832,48,1,1,0,0.4349072024226189,0.009132489035758614,0.9048468306175728
googlenet,implicit precomp gemm,261,inception5b.branch3.1.conv,48,128,3,1,1,0.30184159725904464,0.007152204505834466,0.6279969867295714
googlenet,implicit precomp gemm,261,inception5b.branch4.1.conv,832,128,1,1,0,0.4359408006072044,0.009913340782118234,0.9069972848667658
googlenet,implicit precomp gemm,264,conv1.conv,3,64,7,2,3,1.1695887863636016,0.007042807053193843,2.4159783945860895
googlenet,implicit precomp gemm,264,conv2.conv,64,64,1,1,0,0.8024080008268356,0.005083980575720446,1.6575059681172253
googlenet,implicit precomp gemm,264,conv3.conv,64,192,3,1,1,1.3665872037410736,0.007823752022777962,2.8229110923861382
googlenet,implicit precomp gemm,264,inception3a.branch1.conv,192,64,1,1,0,0.47712000012397765,0.00635525140806527,0.9855699929445867
googlenet,implicit precomp gemm,264,inception3a.branch2.0.conv,192,96,1,1,0,0.7359583973884583,0.006109063599228143,1.520243360859272
googlenet,implicit precomp gemm,264,inception3a.branch2.1.conv,96,128,3,1,1,0.667476800084114,0.007224784582381072,1.3787833353844676
googlenet,implicit precomp gemm,264,inception3a.branch3.0.conv,192,16,1,1,0,0.35699679851531985,0.00828150375704909,0.7374357228843021
googlenet,implicit precomp gemm,264,inception3a.branch3.1.conv,16,32,3,1,1,0.22222719937562943,0.006402298985267254,0.45904690489567146
googlenet,implicit precomp gemm,264,inception3a.branch4.1.conv,192,32,1,1,0,0.3675440028309822,0.005060753903783752,0.7592227116507998
googlenet,implicit precomp gemm,264,inception3b.branch1.conv,256,128,1,1,0,0.7955071955919266,0.004957032286348551,1.6432512176039078
googlenet,implicit precomp gemm,264,inception3b.branch2.0.conv,256,128,1,1,0,0.7678752034902573,0.006910008797446486,1.5861727839737716
googlenet,implicit precomp gemm,264,inception3b.branch2.1.conv,128,192,3,1,1,0.952892792224884,0.01068251440370814,1.9683571056882838
googlenet,implicit precomp gemm,264,inception3b.branch3.0.conv,256,32,1,1,0,0.4075727969408035,0.00772581301702047,0.8419087829078119
googlenet,implicit precomp gemm,264,inception3b.branch3.1.conv,32,96,3,1,1,0.41359039694070815,0.007149238702757113,0.8543391274498732
googlenet,implicit precomp gemm,264,inception3b.branch4.1.conv,256,64,1,1,0,0.6580543965101242,0.00866339455686451,1.3593198079248658
googlenet,implicit precomp gemm,264,inception4a.branch1.conv,480,192,1,1,0,0.7422159999608994,0.006192010301099968,1.5331694702689975
googlenet,implicit precomp gemm,264,inception4a.branch2.0.conv,480,96,1,1,0,0.4942320019006729,0.004105078442907526,1.0209176527910466
googlenet,implicit precomp gemm,264,inception4a.branch2.1.conv,96,208,3,1,1,0.45260960012674334,0.006200217125725147,0.9349397222662117
googlenet,implicit precomp gemm,264,inception4a.branch3.0.conv,480,16,1,1,0,0.31144319772720336,0.004885724045959617,0.6433372529067737
googlenet,implicit precomp gemm,264,inception4a.branch3.1.conv,16,48,3,1,1,0.18839840069413186,0.0036442564658801585,0.38916794599815313
googlenet,implicit precomp gemm,264,inception4a.branch4.1.conv,480,64,1,1,0,0.4734735995531082,0.007154277166199486,0.978037751613326
googlenet,implicit precomp gemm,264,inception4b.branch1.conv,512,160,1,1,0,0.7014656037092208,0.010781823142467294,1.4489928108629364
googlenet,implicit precomp gemm,264,inception4b.branch2.0.conv,512,112,1,1,0,0.4992607980966568,0.007293039519679149,1.0313054601143778
googlenet,implicit precomp gemm,264,inception4b.branch2.1.conv,112,224,3,1,1,0.6548832029104232,0.0060144346633835425,1.3527691849099617
googlenet,implicit precomp gemm,264,inception4b.branch3.0.conv,512,24,1,1,0,0.3581888020038605,0.005975038360402144,0.7398980025403334
googlenet,implicit precomp gemm,264,inception4b.branch3.1.conv,24,64,3,1,1,0.20531519874930382,0.005591087564921947,0.42411238038687815
googlenet,implicit precomp gemm,264,inception4b.branch4.1.conv,512,64,1,1,0,0.47668479979038236,0.00633489680540483,0.9846710149315091
googlenet,implicit precomp gemm,264,inception4c.branch1.conv,512,128,1,1,0,0.4927232012152672,0.0062404250409103966,1.017800976314513
googlenet,implicit precomp gemm,264,inception4c.branch2.0.conv,512,128,1,1,0,0.4791519999504089,0.009299070832671192,0.9897674234737592
googlenet,implicit precomp gemm,264,inception4c.branch2.1.conv,128,256,3,1,1,0.6766639977693558,0.0051508187263381916,1.397761006317297
googlenet,implicit precomp gemm,264,inception4c.branch3.0.conv,512,24,1,1,0,0.3597968026995659,0.0074650600504316275,0.7432195929869914
googlenet,implicit precomp gemm,264,inception4c.branch3.1.conv,24,64,3,1,1,0.2049215979874134,0.0065280930398743525,0.4232993331450553
googlenet,implicit precomp gemm,264,inception4c.branch4.1.conv,512,64,1,1,0,0.47388319820165636,0.007140807860673298,0.9788838451266031
googlenet,implicit precomp gemm,264,inception4d.branch1.conv,512,112,1,1,0,0.49033600389957427,0.012216357222065103,1.0128698268322582
googlenet,implicit precomp gemm,264,inception4d.branch2.0.conv,512,144,1,1,0,0.6691872000694274,0.006003522667994334,1.3823164484399246
googlenet,implicit precomp gemm,264,inception4d.branch2.1.conv,144,288,3,1,1,0.7120767951011657,0.0042480007672154535,1.47091197548101
googlenet,implicit precomp gemm,264,inception4d.branch3.0.conv,512,32,1,1,0,0.3616448014974594,0.00821239021570517,0.7470369390670725
googlenet,implicit precomp gemm,264,inception4d.branch3.1.conv,32,64,3,1,1,0.32168000042438505,0.008788962173744414,0.6644830559739577
googlenet,implicit precomp gemm,264,inception4d.branch4.1.conv,512,64,1,1,0,0.48116799890995027,0.0062085569302382446,0.9939318015753169
googlenet,implicit precomp gemm,264,inception4e.branch1.conv,528,256,1,1,0,0.6419760018587113,0.00965669548608012,1.326107233941307
googlenet,implicit precomp gemm,264,inception4e.branch2.0.conv,528,160,1,1,0,0.691620796918869,0.007477708996325888,1.4286567399449563
googlenet,implicit precomp gemm,264,inception4e.branch2.1.conv,160,320,3,1,1,0.9088655978441238,0.006006056964897348,1.8774116797075233
googlenet,implicit precomp gemm,264,inception4e.branch3.0.conv,528,32,1,1,0,0.3745103985071182,0.006981434113137588,0.7736129500302316
googlenet,implicit precomp gemm,264,inception4e.branch3.1.conv,32,128,3,1,1,0.35226080268621446,0.004297853921336631,0.7276527429742918
googlenet,implicit precomp gemm,264,inception4e.branch4.1.conv,528,128,1,1,0,0.5158351987600327,0.007668285641481771,1.0655426162608805
googlenet,implicit precomp gemm,264,inception5a.branch1.conv,832,256,1,1,0,0.5154639989137649,0.005509157843138093,1.0647758418021027
googlenet,implicit precomp gemm,264,inception5a.branch2.0.conv,832,160,1,1,0,0.433604796230793,0.0068748591753868245,0.8956821676955001
googlenet,implicit precomp gemm,264,inception5a.branch2.1.conv,160,320,3,1,1,0.6972944021224976,0.0030936872995244178,1.4403765065425786
googlenet,implicit precomp gemm,264,inception5a.branch3.0.conv,832,32,1,1,0,0.3977872014045715,0.009399620908528892,0.8216950225936424
googlenet,implicit precomp gemm,264,inception5a.branch3.1.conv,32,128,3,1,1,0.3076752007007599,0.008172423136326167,0.6355538340565847
googlenet,implicit precomp gemm,264,inception5a.branch4.1.conv,832,128,1,1,0,0.43494559824466705,0.008813593006333288,0.8984518152286375
googlenet,implicit precomp gemm,264,inception5b.branch1.conv,832,384,1,1,0,0.7292015999555588,0.007266528944473267,1.5062860821944908
googlenet,implicit precomp gemm,264,inception5b.branch2.0.conv,832,192,1,1,0,0.46619680523872375,0.01344990017241661,0.9630063336907413
googlenet,implicit precomp gemm,264,inception5b.branch2.1.conv,192,384,3,1,1,0.9675327986478806,0.006258766093303083,1.9985984517296824
googlenet,implicit precomp gemm,264,inception5b.branch3.0.conv,832,48,1,1,0,0.43503360003232955,0.0094089300655532,0.89863359742436
googlenet,implicit precomp gemm,264,inception5b.branch3.1.conv,48,128,3,1,1,0.30223679840564727,0.010419860244707653,0.6243199178295743
googlenet,implicit precomp gemm,264,inception5b.branch4.1.conv,832,128,1,1,0,0.43657600283622744,0.007600048541473596,0.9018196846145016
googlenet,implicit precomp gemm,267,conv1.conv,3,64,7,2,3,1.2201343894004821,0.009243972966451661,2.5114806523021844
googlenet,implicit precomp gemm,267,conv2.conv,64,64,1,1,0,0.8282351911067962,0.006593694683216186,1.7048094669658354
googlenet,implicit precomp gemm,267,conv3.conv,64,192,3,1,1,1.4220143973827362,0.007272919721749043,2.9270231847794195
googlenet,implicit precomp gemm,267,inception3a.branch1.conv,192,64,1,1,0,0.473787197470665,0.003962777351304586,0.9752264915184592
googlenet,implicit precomp gemm,267,inception3a.branch2.0.conv,192,96,1,1,0,0.7322576016187667,0.007314341540976504,1.5072526558901091
googlenet,implicit precomp gemm,267,inception3a.branch2.1.conv,96,128,3,1,1,0.6753408044576645,0.007145189857210778,1.3900971719508746
googlenet,implicit precomp gemm,267,inception3a.branch3.0.conv,192,16,1,1,0,0.35626399964094163,0.008038440854228926,0.7333209767570409
googlenet,implicit precomp gemm,267,inception3a.branch3.1.conv,16,32,3,1,1,0.22565600126981736,0.008802522755654343,0.4644821801502446
googlenet,implicit precomp gemm,267,inception3a.branch4.1.conv,192,32,1,1,0,0.367979197204113,0.006635903097432293,0.7574351171938656
googlenet,implicit precomp gemm,267,inception3b.branch1.conv,256,128,1,1,0,0.7957919955253601,0.009948351395842272,1.6380295624655872
googlenet,implicit precomp gemm,267,inception3b.branch2.0.conv,256,128,1,1,0,0.7837727993726731,0.006078308394700316,1.6132896822885108
googlenet,implicit precomp gemm,267,inception3b.branch2.1.conv,128,192,3,1,1,0.9682928025722504,0.007823453516179673,1.9930990065926788
googlenet,implicit precomp gemm,267,inception3b.branch3.0.conv,256,32,1,1,0,0.40588479936122895,0.005373297607581694,0.835458642519004
googlenet,implicit precomp gemm,267,inception3b.branch3.1.conv,32,96,3,1,1,0.4087103992700577,0.007886365263654355,0.8412747555339457
googlenet,implicit precomp gemm,267,inception3b.branch4.1.conv,256,64,1,1,0,0.6607647955417633,0.0049081207046465115,1.3600944405320368
googlenet,implicit precomp gemm,267,inception4a.branch1.conv,480,192,1,1,0,0.7439119935035705,0.005636040017223358,1.5312416361100785
googlenet,implicit precomp gemm,267,inception4a.branch2.0.conv,480,96,1,1,0,0.4989856004714966,0.008294534859223084,1.027093976080219
googlenet,implicit precomp gemm,267,inception4a.branch2.1.conv,96,208,3,1,1,0.43519999980926516,0.006036662691000725,0.8957999945726732
googlenet,implicit precomp gemm,267,inception4a.branch3.0.conv,480,16,1,1,0,0.31306239813566206,0.006076159968234917,0.644396357246652
googlenet,implicit precomp gemm,267,inception4a.branch3.1.conv,16,48,3,1,1,0.18906240016222,0.004002477317224079,0.38915923049963114
googlenet,implicit precomp gemm,267,inception4a.branch4.1.conv,480,64,1,1,0,0.4720880001783371,0.006707668316321413,0.9717289250526678
googlenet,implicit precomp gemm,267,inception4b.branch1.conv,512,160,1,1,0,0.6982400059700012,0.0055022781251401936,1.4372320630341926
googlenet,implicit precomp gemm,267,inception4b.branch2.0.conv,512,112,1,1,0,0.5028607979416847,0.00758145928850389,1.0350705428869378
googlenet,implicit precomp gemm,267,inception4b.branch2.1.conv,112,224,3,1,1,0.6562639951705933,0.0045793093772190435,1.3508301552612791
googlenet,implicit precomp gemm,267,inception4b.branch3.0.conv,512,24,1,1,0,0.3596720054745674,0.006996788551685262,0.7403358931371044
googlenet,implicit precomp gemm,267,inception4b.branch3.1.conv,24,64,3,1,1,0.20846239998936653,0.0038377276293280957,0.42909149094881355
googlenet,implicit precomp gemm,267,inception4b.branch4.1.conv,512,64,1,1,0,0.4776416003704071,0.0066620269829426254,0.9831602555308284
googlenet,implicit precomp gemm,267,inception4c.branch1.conv,512,128,1,1,0,0.49359999746084215,0.008556210988627489,1.0160084449455011
googlenet,implicit precomp gemm,267,inception4c.branch2.0.conv,512,128,1,1,0,0.47817760407924653,0.009247618097589961,0.9842635462470042
googlenet,implicit precomp gemm,267,inception4c.branch2.1.conv,128,256,3,1,1,0.6811920046806336,0.00869413321966987,1.4021410716068408
googlenet,implicit precomp gemm,267,inception4c.branch3.0.conv,512,24,1,1,0,0.36031040251255037,0.00801008913408402,0.7416499465916332
googlenet,implicit precomp gemm,267,inception4c.branch3.1.conv,24,64,3,1,1,0.20648960024118423,0.006561057592168608,0.42503075104879245
googlenet,implicit precomp gemm,267,inception4c.branch4.1.conv,512,64,1,1,0,0.4748480021953583,0.006813940341329617,0.9774100137313254
googlenet,implicit precomp gemm,267,inception4d.branch1.conv,512,112,1,1,0,0.48972160220146177,0.004869354947864719,1.0080252959247606
googlenet,implicit precomp gemm,267,inception4d.branch2.0.conv,512,144,1,1,0,0.6688687950372696,0.006836226815416814,1.376775421017499
googlenet,implicit precomp gemm,267,inception4d.branch2.1.conv,144,288,3,1,1,0.7119695991277695,0.005170048323890773,1.4654925627621431
googlenet,implicit precomp gemm,267,inception4d.branch3.0.conv,512,32,1,1,0,0.3631183966994286,0.006974917161616195,0.7474298206230395
googlenet,implicit precomp gemm,267,inception4d.branch3.1.conv,32,64,3,1,1,0.32352319955825803,0.007238557983164758,0.6659284938773832
googlenet,implicit precomp gemm,267,inception4d.branch4.1.conv,512,64,1,1,0,0.4790959984064102,0.0070873073546128575,0.986153936030206
googlenet,implicit precomp gemm,267,inception4e.branch1.conv,528,256,1,1,0,0.6432848036289215,0.00655496848895607,1.3241142551746914
googlenet,implicit precomp gemm,267,inception4e.branch2.0.conv,528,160,1,1,0,0.6904623985290528,0.008623365229028129,1.4212229161903427
googlenet,implicit precomp gemm,267,inception4e.branch2.1.conv,160,320,3,1,1,0.9138047963380813,0.006128971229915768,1.8809428583614367
googlenet,implicit precomp gemm,267,inception4e.branch3.0.conv,528,32,1,1,0,0.3732192024588585,0.007779269459454117,0.7682209551553064
googlenet,implicit precomp gemm,267,inception4e.branch3.1.conv,32,128,3,1,1,0.3540432021021843,0.007063054609984995,0.7287497671429838
googlenet,implicit precomp gemm,267,inception4e.branch4.1.conv,528,128,1,1,0,0.5137055963277817,0.007580647875294868,1.0573930850277122
googlenet,implicit precomp gemm,267,inception5a.branch1.conv,832,256,1,1,0,0.5166175961494446,0.010678598030056425,1.0633870405092944
googlenet,implicit precomp gemm,267,inception5a.branch2.0.conv,832,160,1,1,0,0.43122079968452454,0.007013270439882669,0.8876093524501814
googlenet,implicit precomp gemm,267,inception5a.branch2.1.conv,160,320,3,1,1,0.7036704003810883,0.008157635626472105,1.448409791173235
googlenet,implicit precomp gemm,267,inception5a.branch3.0.conv,832,32,1,1,0,0.3998479977250099,0.009288575963903326,0.8230327076032609
googlenet,implicit precomp gemm,267,inception5a.branch3.1.conv,32,128,3,1,1,0.3062095999717712,0.006497477854934001,0.6302908044876643
googlenet,implicit precomp gemm,267,inception5a.branch4.1.conv,832,128,1,1,0,0.438204799592495,0.008705900095669374,0.901984966150543
googlenet,implicit precomp gemm,267,inception5b.branch1.conv,832,384,1,1,0,0.7247392028570175,0.008629495172747324,1.4917770548493878
googlenet,implicit precomp gemm,267,inception5b.branch2.0.conv,832,192,1,1,0,0.4669984012842178,0.010772006753476617,0.9612526781231473
googlenet,implicit precomp gemm,267,inception5b.branch2.1.conv,192,384,3,1,1,0.9616336017847061,0.005494315770781345,1.9793919476957238
googlenet,implicit precomp gemm,267,inception5b.branch3.0.conv,832,48,1,1,0,0.43229279667139053,0.007333878845504217,0.8898159124121237
googlenet,implicit precomp gemm,267,inception5b.branch3.1.conv,48,128,3,1,1,0.29892480075359346,0.0072653936118798786,0.615296036328274
googlenet,implicit precomp gemm,267,inception5b.branch4.1.conv,832,128,1,1,0,0.43640320003032684,0.006632098119481367,0.8982766185431907
googlenet,implicit precomp gemm,270,conv1.conv,3,64,7,2,3,1.191667193174362,0.008382204375214803,2.4551686939745996
googlenet,implicit precomp gemm,270,conv2.conv,64,64,1,1,0,0.8296368032693863,0.005406154165746612,1.709284537178768
googlenet,implicit precomp gemm,270,conv3.conv,64,192,3,1,1,1.4009520053863525,0.02390955470310281,2.8863541138723257
googlenet,implicit precomp gemm,270,inception3a.branch1.conv,192,64,1,1,0,0.47543519735336304,0.00545305367176929,0.9795298714620395
googlenet,implicit precomp gemm,270,inception3a.branch2.0.conv,192,96,1,1,0,0.73055360019207,0.004583100601134562,1.5051453448878878
googlenet,implicit precomp gemm,270,inception3a.branch2.1.conv,96,128,3,1,1,0.6771455973386764,0.007902862019016918,1.3951098774650867
googlenet,implicit precomp gemm,270,inception3a.branch3.0.conv,192,16,1,1,0,0.35866880267858503,0.010740774346679196,0.738958344146484
googlenet,implicit precomp gemm,270,inception3a.branch3.1.conv,16,32,3,1,1,0.22380639836192132,0.005386157499320325,0.4611039608346407
googlenet,implicit precomp gemm,270,inception3a.branch4.1.conv,192,32,1,1,0,0.36536800116300583,0.006721932904843266,0.7527605722248276
googlenet,implicit precomp gemm,270,inception3b.branch1.conv,256,128,1,1,0,0.7768304020166397,0.008895520150432129,1.6004885378093074
googlenet,implicit precomp gemm,270,inception3b.branch2.0.conv,256,128,1,1,0,0.7804352015256881,0.006553702843602802,1.6079154359847074
googlenet,implicit precomp gemm,270,inception3b.branch2.1.conv,128,192,3,1,1,0.9461120009422302,0.011451365665817134,1.9492561169863087
googlenet,implicit precomp gemm,270,inception3b.branch3.0.conv,256,32,1,1,0,0.40389119982719424,0.007528316797754949,0.832129167663068
googlenet,implicit precomp gemm,270,inception3b.branch3.1.conv,32,96,3,1,1,0.40816960036754607,0.005698708485140819,0.8409438729156098
googlenet,implicit precomp gemm,270,inception3b.branch4.1.conv,256,64,1,1,0,0.6684959977865219,0.00844834610363829,1.3772892760778006
googlenet,implicit precomp gemm,270,inception4a.branch1.conv,480,192,1,1,0,0.7439007997512818,0.0060032308141570985,1.5326443200192887
googlenet,implicit precomp gemm,270,inception4a.branch2.0.conv,480,96,1,1,0,0.493865604698658,0.007224413741301652,1.017501680529663
googlenet,implicit precomp gemm,270,inception4a.branch2.1.conv,96,208,3,1,1,0.4416512012481689,0.009435185542815736,0.9099253626948874
googlenet,implicit precomp gemm,270,inception4a.branch3.0.conv,480,16,1,1,0,0.31349599808454515,0.004786304167027806,0.6458896952035815
googlenet,implicit precomp gemm,270,inception4a.branch3.1.conv,16,48,3,1,1,0.19073599949479103,0.00579655301727718,0.3929696625499423
googlenet,implicit precomp gemm,270,inception4a.branch4.1.conv,480,64,1,1,0,0.47173919528722763,0.0053920283215760974,0.9719150704356985
googlenet,implicit precomp gemm,270,inception4b.branch1.conv,512,160,1,1,0,0.6995680034160614,0.00552488598044099,1.4413063237213082
googlenet,implicit precomp gemm,270,inception4b.branch2.0.conv,512,112,1,1,0,0.5012160032987595,0.007039457102719444,1.0326455635152572
googlenet,implicit precomp gemm,270,inception4b.branch2.1.conv,112,224,3,1,1,0.653980803489685,0.005475041369165927,1.347383904151246
googlenet,implicit precomp gemm,270,inception4b.branch3.0.conv,512,24,1,1,0,0.3615408018231392,0.008827653479965463,0.744875468012291
googlenet,implicit precomp gemm,270,inception4b.branch3.1.conv,24,64,3,1,1,0.20726559981703757,0.0054162921695519,0.42702527595236156
googlenet,implicit precomp gemm,270,inception4b.branch4.1.conv,512,64,1,1,0,0.47893279492855073,0.009833968914212503,0.9867359035823395
googlenet,implicit precomp gemm,270,inception4c.branch1.conv,512,128,1,1,0,0.4985104024410248,0.007133190991574346,1.027071266796887
googlenet,implicit precomp gemm,270,inception4c.branch2.0.conv,512,128,1,1,0,0.48160479962825775,0.010406259566584976,0.9922409827910728
googlenet,implicit precomp gemm,270,inception4c.branch2.1.conv,128,256,3,1,1,0.669964799284935,0.005671902942527785,1.3803154191798532
googlenet,implicit precomp gemm,270,inception4c.branch3.0.conv,512,24,1,1,0,0.35879839956760406,0.00821938778005468,0.7392253500912466
googlenet,implicit precomp gemm,270,inception4c.branch3.1.conv,24,64,3,1,1,0.20675840005278587,0.006040102903659815,0.42598030216277105
googlenet,implicit precomp gemm,270,inception4c.branch4.1.conv,512,64,1,1,0,0.47910879999399186,0.00801241768597639,0.9870985233885465
googlenet,implicit precomp gemm,270,inception4d.branch1.conv,512,112,1,1,0,0.48977439701557157,0.009493683989145178,1.0090726450727874
googlenet,implicit precomp gemm,270,inception4d.branch2.0.conv,512,144,1,1,0,0.669951993227005,0.0058583245415662535,1.3802890351082742
googlenet,implicit precomp gemm,270,inception4d.branch2.1.conv,144,288,3,1,1,0.7125167965888977,0.007557818595225051,1.4679844699393083
googlenet,implicit precomp gemm,270,inception4d.branch3.0.conv,512,32,1,1,0,0.362379202246666,0.006043626064806666,0.746602808065494
googlenet,implicit precomp gemm,270,inception4d.branch3.1.conv,32,64,3,1,1,0.3257392019033432,0.005138078971916928,0.6711141294265225
googlenet,implicit precomp gemm,270,inception4d.branch4.1.conv,512,64,1,1,0,0.4803760051727295,0.007841983931247793,0.989709321522035
googlenet,implicit precomp gemm,270,inception4e.branch1.conv,528,256,1,1,0,0.6418224036693573,0.007715445668341266,1.3223341899536283
googlenet,implicit precomp gemm,270,inception4e.branch2.0.conv,528,160,1,1,0,0.692495995759964,0.006243111760104468,1.4267360041721497
googlenet,implicit precomp gemm,270,inception4e.branch2.1.conv,160,320,3,1,1,0.9047167956829071,0.006339576457754466,1.8639703823319753
googlenet,implicit precomp gemm,270,inception4e.branch3.0.conv,528,32,1,1,0,0.37316000163555146,0.007174747040469496,0.768814278941943
googlenet,implicit precomp gemm,270,inception4e.branch3.1.conv,32,128,3,1,1,0.3566880002617836,0.00592626992586037,0.734877335530542
googlenet,implicit precomp gemm,270,inception4e.branch4.1.conv,528,128,1,1,0,0.5150719910860062,0.006359411267116765,1.061192785117224
googlenet,implicit precomp gemm,270,inception5a.branch1.conv,832,256,1,1,0,0.5150271981954575,0.006621052487346248,1.0611004991977848
googlenet,implicit precomp gemm,270,inception5a.branch2.0.conv,832,160,1,1,0,0.4328128010034561,0.010359799967714257,0.8917157789202157
googlenet,implicit precomp gemm,270,inception5a.branch2.1.conv,160,320,3,1,1,0.7008672058582306,0.0068505076060560175,1.4439830451930573
googlenet,implicit precomp gemm,270,inception5a.branch3.0.conv,832,32,1,1,0,0.3985535964369774,0.010789819636965625,0.8211322074215054
googlenet,implicit precomp gemm,270,inception5a.branch3.1.conv,32,128,3,1,1,0.3036639988422394,0.009174817316295741,0.6256330187781871
googlenet,implicit precomp gemm,270,inception5a.branch4.1.conv,832,128,1,1,0,0.43448639661073685,0.010191380175127085,0.8951638553335839
googlenet,implicit precomp gemm,270,inception5b.branch1.conv,832,384,1,1,0,0.724176001548767,0.006720814275932093,1.4920057026946152
googlenet,implicit precomp gemm,270,inception5b.branch2.0.conv,832,192,1,1,0,0.4643199980258942,0.008373693869876856,0.9566294429091692
googlenet,implicit precomp gemm,270,inception5b.branch2.1.conv,192,384,3,1,1,0.9634256005287171,0.008311640952035723,1.9849269887936645
googlenet,implicit precomp gemm,270,inception5b.branch3.0.conv,832,48,1,1,0,0.4348591983318329,0.007859210606177948,0.8959319314541128
googlenet,implicit precomp gemm,270,inception5b.branch3.1.conv,48,128,3,1,1,0.29589439630508424,0.007809576373438555,0.6096254580908486
googlenet,implicit precomp gemm,270,inception5b.branch4.1.conv,832,128,1,1,0,0.4369600012898445,0.008580195630854088,0.9002601748464478
googlenet,implicit precomp gemm,273,conv1.conv,3,64,7,2,3,1.2685184001922607,0.3215458365422399,2.47019742897762
googlenet,implicit precomp gemm,273,conv2.conv,64,64,1,1,0,0.8435087949037552,0.009400503790936928,1.6425723554151554
googlenet,implicit precomp gemm,273,conv3.conv,64,192,3,1,1,1.335863995552063,0.06478277746984334,2.601340119919696
googlenet,implicit precomp gemm,273,inception3a.branch1.conv,192,64,1,1,0,0.6620848059654236,0.006059684963258951,1.289283770115638
googlenet,implicit precomp gemm,273,inception3a.branch2.0.conv,192,96,1,1,0,0.5152320057153702,0.009727880309258495,1.0033159752765048
googlenet,implicit precomp gemm,273,inception3a.branch2.1.conv,96,128,3,1,1,0.6849135994911194,0.006313787136929795,1.3337384875760137
googlenet,implicit precomp gemm,273,inception3a.branch3.0.conv,192,16,1,1,0,0.36506079882383347,0.012241400633220207,0.7108862169744435
googlenet,implicit precomp gemm,273,inception3a.branch3.1.conv,16,32,3,1,1,0.22749119848012925,0.009244448370460758,0.44299568182494004
googlenet,implicit precomp gemm,273,inception3a.branch4.1.conv,192,32,1,1,0,0.3784688010811806,0.005676317946558535,0.7369957418333697
googlenet,implicit precomp gemm,273,inception3b.branch1.conv,256,128,1,1,0,0.798063999414444,0.009759907146633877,1.5540772914404457
googlenet,implicit precomp gemm,273,inception3b.branch2.0.conv,256,128,1,1,0,0.7801407963037491,0.006659996370800722,1.5191752748545044
googlenet,implicit precomp gemm,273,inception3b.branch2.1.conv,128,192,3,1,1,0.9740096062421799,0.014495226323347066,1.8966977733821409
googlenet,implicit precomp gemm,273,inception3b.branch3.0.conv,256,32,1,1,0,0.4084943994879723,0.007121617248608526,0.795464862956666
googlenet,implicit precomp gemm,273,inception3b.branch3.1.conv,32,96,3,1,1,0.4132192000746727,0.010822858905350802,0.8046655101525839
googlenet,implicit precomp gemm,273,inception3b.branch4.1.conv,256,64,1,1,0,0.6880192011594772,0.057649492695568724,1.3397860539774498
googlenet,implicit precomp gemm,273,inception4a.branch1.conv,480,192,1,1,0,0.7686944037675858,0.01477286073755763,1.4968856104636579
googlenet,implicit precomp gemm,273,inception4a.branch2.0.conv,480,96,1,1,0,0.5173087954521179,0.007943574342161579,1.0073601268374628
googlenet,implicit precomp gemm,273,inception4a.branch2.1.conv,96,208,3,1,1,0.6608255952596664,0.10256262425030692,1.2868316976447687
googlenet,implicit precomp gemm,273,inception4a.branch3.0.conv,480,16,1,1,0,0.36545120030641554,0.009616837052404821,0.7116464493355958
googlenet,implicit precomp gemm,273,inception4a.branch3.1.conv,16,48,3,1,1,0.19999839887022972,0.0050835435357480556,0.3894587028568165
googlenet,implicit precomp gemm,273,inception4a.branch4.1.conv,480,64,1,1,0,0.4863984018564224,0.0085309146665064,0.9471680359878536
googlenet,implicit precomp gemm,273,inception4b.branch1.conv,512,160,1,1,0,0.7131008028984069,0.016287629677126693,1.3886276853804742
googlenet,implicit precomp gemm,273,inception4b.branch2.0.conv,512,112,1,1,0,0.5187999963760376,0.010110668982578461,1.0102639559721422
googlenet,implicit precomp gemm,273,inception4b.branch2.1.conv,112,224,3,1,1,0.658190393447876,0.01008574500173926,1.2817001451664323
googlenet,implicit precomp gemm,273,inception4b.branch3.0.conv,512,24,1,1,0,0.3657584026455879,0.008451128140194485,0.7122446672473616
googlenet,implicit precomp gemm,273,inception4b.branch3.1.conv,24,64,3,1,1,0.2142319992184639,0.007854568647605791,0.4171759223941713
googlenet,implicit precomp gemm,273,inception4b.branch4.1.conv,512,64,1,1,0,0.490003202855587,0.011631896908491474,0.9541876977907591
googlenet,implicit precomp gemm,273,inception4c.branch1.conv,512,128,1,1,0,0.6950576037168503,0.013941432356523188,1.3534919993533285
googlenet,implicit precomp gemm,273,inception4c.branch2.0.conv,512,128,1,1,0,0.6959056079387664,0.01261540575830436,1.3551433256946903
googlenet,implicit precomp gemm,273,inception4c.branch2.1.conv,128,256,3,1,1,0.6944399982690811,0.010962157941389753,1.3522893306423578
googlenet,implicit precomp gemm,273,inception4c.branch3.0.conv,512,24,1,1,0,0.3668384000658989,0.009676723976725927,0.7143477560559673
googlenet,implicit precomp gemm,273,inception4c.branch3.1.conv,24,64,3,1,1,0.2126704014837742,0.004495773463561793,0.41413500890900384
googlenet,implicit precomp gemm,273,inception4c.branch4.1.conv,512,64,1,1,0,0.49247199594974517,0.010370018833739713,0.9589952010583056
googlenet,implicit precomp gemm,273,inception4d.branch1.conv,512,112,1,1,0,0.505254402756691,0.008287213582935073,0.9838864982013963
googlenet,implicit precomp gemm,273,inception4d.branch2.0.conv,512,144,1,1,0,0.6929599851369858,0.008313866189395412,1.3494072875965486
googlenet,implicit precomp gemm,273,inception4d.branch2.1.conv,144,288,3,1,1,0.7332976043224335,0.0058631121390353294,1.427957100660253
googlenet,implicit precomp gemm,273,inception4d.branch3.0.conv,512,32,1,1,0,0.3727807983756065,0.007397646724492687,0.725919442382611
googlenet,implicit precomp gemm,273,inception4d.branch3.1.conv,32,64,3,1,1,0.3296176016330719,0.005189216877500892,0.64186735641862
googlenet,implicit precomp gemm,273,inception4d.branch4.1.conv,512,64,1,1,0,0.49617280066013336,0.0062802132286800885,0.9662018117620711
googlenet,implicit precomp gemm,273,inception4e.branch1.conv,528,256,1,1,0,0.6572272092103958,0.009044442892278905,1.279824527732192
googlenet,implicit precomp gemm,273,inception4e.branch2.0.conv,528,160,1,1,0,0.758815997838974,0.00801784505654699,1.4776493006682652
googlenet,implicit precomp gemm,273,inception4e.branch2.1.conv,160,320,3,1,1,0.9313440054655076,0.006740181106931417,1.8136146605724663
googlenet,implicit precomp gemm,273,inception4e.branch3.0.conv,528,32,1,1,0,0.38452799767255785,0.007791328928581622,0.7487948705172118
googlenet,implicit precomp gemm,273,inception4e.branch3.1.conv,32,128,3,1,1,0.3625136002898216,0.008914837479319414,0.7059260340800858
googlenet,implicit precomp gemm,273,inception4e.branch4.1.conv,528,128,1,1,0,0.7104864031076431,0.007400737374799768,1.3835366408670595
googlenet,implicit precomp gemm,273,inception5a.branch1.conv,832,256,1,1,0,0.7241535961627961,0.01119279498259487,1.4101508903261628
googlenet,implicit precomp gemm,273,inception5a.branch2.0.conv,832,160,1,1,0,0.4738032013177872,0.006977928158340791,0.9226412873153246
googlenet,implicit precomp gemm,273,inception5a.branch2.1.conv,160,320,3,1,1,0.7121024012565613,0.006696354566683826,1.3866834887741022
googlenet,implicit precomp gemm,273,inception5a.branch3.0.conv,832,32,1,1,0,0.4391856029629707,0.009693979500615388,0.8552301228887881
googlenet,implicit precomp gemm,273,inception5a.branch3.1.conv,32,128,3,1,1,0.3141535997390747,0.005530087473172087,0.6117541647499242
googlenet,implicit precomp gemm,273,inception5a.branch4.1.conv,832,128,1,1,0,0.4543264001607895,0.006582052212218273,0.8847139351102385
googlenet,implicit precomp gemm,273,inception5b.branch1.conv,832,384,1,1,0,0.7436591982841492,0.005203992690072473,1.4481343269113351
googlenet,implicit precomp gemm,273,inception5b.branch2.0.conv,832,192,1,1,0,0.48612159937620164,0.008363830219621107,0.9466290159981772
googlenet,implicit precomp gemm,273,inception5b.branch2.1.conv,192,384,3,1,1,1.0035391926765442,0.11052312170097937,1.954201005875957
googlenet,implicit precomp gemm,273,inception5b.branch3.0.conv,832,48,1,1,0,0.44596000015735626,0.007890669498155417,0.8684219682178806
googlenet,implicit precomp gemm,273,inception5b.branch3.1.conv,48,128,3,1,1,0.3093039974570274,0.007331992474338923,0.602310490076493
googlenet,implicit precomp gemm,273,inception5b.branch4.1.conv,832,128,1,1,0,0.4538207992911339,0.006855543589570559,0.8837293739338907
googlenet,implicit precomp gemm,276,conv1.conv,3,64,7,2,3,1.17431520819664,0.010409095577295432,2.282485494127769
googlenet,implicit precomp gemm,276,conv2.conv,64,64,1,1,0,0.8525631964206696,0.011968710374992891,1.6571045960017314
googlenet,implicit precomp gemm,276,conv3.conv,64,192,3,1,1,1.4065679907798767,0.0070463217779860345,2.733909101279317
googlenet,implicit precomp gemm,276,inception3a.branch1.conv,192,64,1,1,0,0.665049609541893,0.00956092169067871,1.2926393834120582
googlenet,implicit precomp gemm,276,inception3a.branch2.0.conv,192,96,1,1,0,0.5135792046785355,0.006653378209731564,0.998230352960005
googlenet,implicit precomp gemm,276,inception3a.branch2.1.conv,96,128,3,1,1,0.685591995716095,0.00700265492967517,1.332567077552536
googlenet,implicit precomp gemm,276,inception3a.branch3.0.conv,192,16,1,1,0,0.36105439960956576,0.006585211258852939,0.7017719126412337
googlenet,implicit precomp gemm,276,inception3a.branch3.1.conv,16,32,3,1,1,0.2258880004286766,0.00625939313398767,0.43905254796772275
googlenet,implicit precomp gemm,276,inception3a.branch4.1.conv,192,32,1,1,0,0.3746368020772934,0.005330101226715287,0.7281716700416355
googlenet,implicit precomp gemm,276,inception3b.branch1.conv,256,128,1,1,0,0.814140796661377,0.006339126530257056,1.5824239910942641
googlenet,implicit precomp gemm,276,inception3b.branch2.0.conv,256,128,1,1,0,0.7959008038043975,0.005348684209089508,1.546971398112024
googlenet,implicit precomp gemm,276,inception3b.branch2.1.conv,128,192,3,1,1,0.9640368074178696,0.004179224474356474,1.8737729132501146
googlenet,implicit precomp gemm,276,inception3b.branch3.0.conv,256,32,1,1,0,0.4113663986325264,0.006848751441983405,0.7995620180140739
googlenet,implicit precomp gemm,276,inception3b.branch3.1.conv,32,96,3,1,1,0.4089952021837234,0.005978857223699055,0.7949531860238698
googlenet,implicit precomp gemm,276,inception3b.branch4.1.conv,256,64,1,1,0,0.6737296015024186,0.0057508451170632715,1.309510454825218
googlenet,implicit precomp gemm,276,inception4a.branch1.conv,480,192,1,1,0,0.7679135978221894,0.005737490434028236,1.4925734040899121
googlenet,implicit precomp gemm,276,inception4a.branch2.0.conv,480,96,1,1,0,0.5123135924339295,0.008182959606912106,0.9957704158244384
googlenet,implicit precomp gemm,276,inception4a.branch2.1.conv,96,208,3,1,1,0.6359072029590607,0.006635974745016463,1.2359960564543526
googlenet,implicit precomp gemm,276,inception4a.branch3.0.conv,480,16,1,1,0,0.36211200058460236,0.0037123075036270734,0.7038275437590522
googlenet,implicit precomp gemm,276,inception4a.branch3.1.conv,16,48,3,1,1,0.19938400015234947,0.005300274156170564,0.38753742175218536
googlenet,implicit precomp gemm,276,inception4a.branch4.1.conv,480,64,1,1,0,0.48459199965000155,0.006664013345508885,0.9418886871694883
googlenet,implicit precomp gemm,276,inception4b.branch1.conv,512,160,1,1,0,0.7076880067586899,0.006511655495600219,1.3755145113682488
googlenet,implicit precomp gemm,276,inception4b.branch2.0.conv,512,112,1,1,0,0.5079104006290436,0.009444539172176213,0.9872120480605157
googlenet,implicit precomp gemm,276,inception4b.branch2.1.conv,112,224,3,1,1,0.6526944011449813,0.004105633499763831,1.2686248907562208
googlenet,implicit precomp gemm,276,inception4b.branch3.0.conv,512,24,1,1,0,0.364923195540905,0.007794456514516113,0.7092915892420188
googlenet,implicit precomp gemm,276,inception4b.branch3.1.conv,24,64,3,1,1,0.21217279881238937,0.005053563260595557,0.41239467236523686
googlenet,implicit precomp gemm,276,inception4b.branch4.1.conv,512,64,1,1,0,0.4863024055957794,0.0078109123814631715,0.9452131580892706
googlenet,implicit precomp gemm,276,inception4c.branch1.conv,512,128,1,1,0,0.6902831971645356,0.008248266087560081,1.341685242063528
googlenet,implicit precomp gemm,276,inception4c.branch2.0.conv,512,128,1,1,0,0.6878464043140411,0.007419233507570221,1.3369489120776556
googlenet,implicit precomp gemm,276,inception4c.branch2.1.conv,128,256,3,1,1,0.6916943997144699,0.0041600224367626506,1.3444281592351857
googlenet,implicit precomp gemm,276,inception4c.branch3.0.conv,512,24,1,1,0,0.364513598382473,0.006344603198321744,0.7084954660495136
googlenet,implicit precomp gemm,276,inception4c.branch3.1.conv,24,64,3,1,1,0.21279200091958045,0.006035253313647043,0.41359819916769347
googlenet,implicit precomp gemm,276,inception4c.branch4.1.conv,512,64,1,1,0,0.49129920154809953,0.00591403813367961,0.9549252985764926
googlenet,implicit precomp gemm,276,inception4d.branch1.conv,512,112,1,1,0,0.5032800048589706,0.009488943127998386,0.9782120699426368
googlenet,implicit precomp gemm,276,inception4d.branch2.0.conv,512,144,1,1,0,0.6810479968786239,0.00852214645705005,1.3237350268735804
googlenet,implicit precomp gemm,276,inception4d.branch2.1.conv,144,288,3,1,1,0.724943995475769,0.007575231714122903,1.4090545214597898
googlenet,implicit precomp gemm,276,inception4d.branch3.0.conv,512,32,1,1,0,0.3668495982885361,0.007504279976381316,0.7130358874480075
googlenet,implicit precomp gemm,276,inception4d.branch3.1.conv,32,64,3,1,1,0.32983840107917783,0.008050752073680912,0.6410981997121976
googlenet,implicit precomp gemm,276,inception4d.branch4.1.conv,512,64,1,1,0,0.49070880115032195,0.007369586834891824,0.9537777528968925
googlenet,implicit precomp gemm,276,inception4e.branch1.conv,528,256,1,1,0,0.6565152019262314,0.008508549615,1.2760512804497919
googlenet,implicit precomp gemm,276,inception4e.branch2.0.conv,528,160,1,1,0,0.7493983983993531,0.008112481373363522,1.4565858993650052
googlenet,implicit precomp gemm,276,inception4e.branch2.1.conv,160,320,3,1,1,0.9242991983890534,0.005779765983074222,1.7965359707780169
googlenet,implicit precomp gemm,276,inception4e.branch3.0.conv,528,32,1,1,0,0.3828656017780304,0.007111467957017811,0.7441657709609776
googlenet,implicit precomp gemm,276,inception4e.branch3.1.conv,32,128,3,1,1,0.35373919904232026,0.004771890278102202,0.6875535502587744
googlenet,implicit precomp gemm,276,inception4e.branch4.1.conv,528,128,1,1,0,0.7217007994651794,0.008258225279514976,1.4027508069229135
googlenet,implicit precomp gemm,276,inception5a.branch1.conv,832,256,1,1,0,0.7278112024068832,0.006370173168705938,1.4146274359407158
googlenet,implicit precomp gemm,276,inception5a.branch2.0.conv,832,160,1,1,0,0.47273599952459333,0.008729943718787646,0.9188444924628744
googlenet,implicit precomp gemm,276,inception5a.branch2.1.conv,160,320,3,1,1,0.707342404127121,0.0059909702267615834,1.3748427726495618
googlenet,implicit precomp gemm,276,inception5a.branch3.0.conv,832,32,1,1,0,0.4394816026091576,0.0071423925458944625,0.8542087983616196
googlenet,implicit precomp gemm,276,inception5a.branch3.1.conv,32,128,3,1,1,0.3162511959671974,0.008399967192368261,0.6146891075388459
googlenet,implicit precomp gemm,276,inception5a.branch4.1.conv,832,128,1,1,0,0.45548800230026243,0.006566896333430915,0.8853200152249885
googlenet,implicit precomp gemm,276,inception5b.branch1.conv,832,384,1,1,0,0.7426064014434814,0.009560248026551681,1.4433844740409274
googlenet,implicit precomp gemm,276,inception5b.branch2.0.conv,832,192,1,1,0,0.4878735989332199,0.009033956822731901,0.9482670451343727
googlenet,implicit precomp gemm,276,inception5b.branch2.1.conv,192,384,3,1,1,0.9845967888832092,0.0057249145308595735,1.913734806893849
googlenet,implicit precomp gemm,276,inception5b.branch3.0.conv,832,48,1,1,0,0.4431424006819725,0.008584920621852728,0.8613241950113509
googlenet,implicit precomp gemm,276,inception5b.branch3.1.conv,48,128,3,1,1,0.30809120237827303,0.006593680503118697,0.5988287432440689
googlenet,implicit precomp gemm,276,inception5b.branch4.1.conv,832,128,1,1,0,0.4519487962126732,0.007987097594100897,0.8784409537095914
googlenet,implicit precomp gemm,279,conv1.conv,3,64,7,2,3,1.1946000039577485,0.02214127234012191,2.2980851366598944
googlenet,implicit precomp gemm,279,conv2.conv,64,64,1,1,0,0.8740928024053574,0.015285258256560928,1.681516549986712
googlenet,implicit precomp gemm,279,conv3.conv,64,192,3,1,1,1.4283616185188293,0.04150355319587341,2.7477788334325917
googlenet,implicit precomp gemm,279,inception3a.branch1.conv,192,64,1,1,0,0.4840352013707161,0.006864751121007984,0.931151932199026
googlenet,implicit precomp gemm,279,inception3a.branch2.0.conv,192,96,1,1,0,0.7316783934831619,0.008343731386126266,1.4075500044434246
googlenet,implicit precomp gemm,279,inception3a.branch2.1.conv,96,128,3,1,1,0.7140111923217773,0.026687280888190407,1.373563119912329
googlenet,implicit precomp gemm,279,inception3a.branch3.0.conv,192,16,1,1,0,0.36996800154447557,0.005407334182132756,0.7117176984533102
googlenet,implicit precomp gemm,279,inception3a.branch3.1.conv,16,32,3,1,1,0.22692319825291635,0.004727379726924582,0.4365384457899248
googlenet,implicit precomp gemm,279,inception3a.branch4.1.conv,192,32,1,1,0,0.3816543981432915,0.006187947485974674,0.7341991434858532
googlenet,implicit precomp gemm,279,inception3b.branch1.conv,256,128,1,1,0,0.8127936005592347,0.013347418679117262,1.5635935764516544
googlenet,implicit precomp gemm,279,inception3b.branch2.0.conv,256,128,1,1,0,0.7881760001182556,0.012526494678399756,1.516236016191972
googlenet,implicit precomp gemm,279,inception3b.branch2.1.conv,128,192,3,1,1,1.0048000037670135,0.046888996876677524,1.9329616158736007
googlenet,implicit precomp gemm,279,inception3b.branch3.0.conv,256,32,1,1,0,0.41811040192842486,0.0061275250358673004,0.804330568367043
googlenet,implicit precomp gemm,279,inception3b.branch3.1.conv,32,96,3,1,1,0.41320639848709106,0.00835835006088832,0.7948966010295903
googlenet,implicit precomp gemm,279,inception3b.branch4.1.conv,256,64,1,1,0,0.6806255936622619,0.006775102768467012,1.3093383184693865
googlenet,implicit precomp gemm,279,inception4a.branch1.conv,480,192,1,1,0,0.7546176075935364,0.018023693198518154,1.4516788064014523
googlenet,implicit precomp gemm,279,inception4a.branch2.0.conv,480,96,1,1,0,0.5133024007081985,0.011457695339968727,0.9874540547222983
googlenet,implicit precomp gemm,279,inception4a.branch2.1.conv,96,208,3,1,1,0.660465607047081,0.0375452498023168,1.2705559934717983
googlenet,implicit precomp gemm,279,inception4a.branch3.0.conv,480,16,1,1,0,0.36335840076208115,0.00745960172781643,0.6990026262392192
googlenet,implicit precomp gemm,279,inception4a.branch3.1.conv,16,48,3,1,1,0.20072799995541574,0.007951016798073966,0.3861460168095932
googlenet,implicit precomp gemm,279,inception4a.branch4.1.conv,480,64,1,1,0,0.48604319989681244,0.007409897836587653,0.9350147746165456
googlenet,implicit precomp gemm,279,inception4b.branch1.conv,512,160,1,1,0,0.7127344012260437,0.016540330893048752,1.3711069214944451
googlenet,implicit precomp gemm,279,inception4b.branch2.0.conv,512,112,1,1,0,0.5097936019301414,0.012144833322862404,0.9807040812645144
googlenet,implicit precomp gemm,279,inception4b.branch2.1.conv,112,224,3,1,1,0.6630016028881073,0.03918171736260765,1.2754345589578064
googlenet,implicit precomp gemm,279,inception4b.branch3.0.conv,512,24,1,1,0,0.36522879749536513,0.005578761732961479,0.7026007602741905
googlenet,implicit precomp gemm,279,inception4b.branch3.1.conv,24,64,3,1,1,0.21343199908733368,0.006617394980751232,0.4105850520385211
googlenet,implicit precomp gemm,279,inception4b.branch4.1.conv,512,64,1,1,0,0.49112159907817843,0.008232984225736047,0.9447842318725792
googlenet,implicit precomp gemm,279,inception4c.branch1.conv,512,128,1,1,0,0.6945120006799698,0.011860210712182186,1.336051984519343
googlenet,implicit precomp gemm,279,inception4c.branch2.0.conv,512,128,1,1,0,0.6885248005390168,0.011756638907048469,1.324534241669395
googlenet,implicit precomp gemm,279,inception4c.branch2.1.conv,128,256,3,1,1,0.7029840022325515,0.051591830908087326,1.3523498087125834
googlenet,implicit precomp gemm,279,inception4c.branch3.0.conv,512,24,1,1,0,0.3670304000377655,0.006585712592319267,0.7060665530174872
googlenet,implicit precomp gemm,279,inception4c.branch3.1.conv,24,64,3,1,1,0.2124256007373333,0.006295424638596395,0.40864901563969924
googlenet,implicit precomp gemm,279,inception4c.branch4.1.conv,512,64,1,1,0,0.49402559995651246,0.009657092468954765,0.9503707388483341
googlenet,implicit precomp gemm,279,inception4d.branch1.conv,512,112,1,1,0,0.506735996901989,0.010072356095395255,0.9748220817285238
googlenet,implicit precomp gemm,279,inception4d.branch2.0.conv,512,144,1,1,0,0.6842032015323639,0.014621707417667334,1.316220661884622
googlenet,implicit precomp gemm,279,inception4d.branch2.1.conv,144,288,3,1,1,0.7433840006589889,0.06063873699475703,1.4300684053953963
googlenet,implicit precomp gemm,279,inception4d.branch3.0.conv,512,32,1,1,0,0.37323039919137957,0.009098256099656504,0.7179936632259418
googlenet,implicit precomp gemm,279,inception4d.branch3.1.conv,32,64,3,1,1,0.3306384027004242,0.0070484455123505435,0.6360582591138917
googlenet,implicit precomp gemm,279,inception4d.branch4.1.conv,512,64,1,1,0,0.4959056004881859,0.009050915306045678,0.953987347976442
googlenet,implicit precomp gemm,279,inception4e.branch1.conv,528,256,1,1,0,0.6618767946958541,0.025205690343748186,1.2732707342636442
googlenet,implicit precomp gemm,279,inception4e.branch2.0.conv,528,160,1,1,0,0.7545760035514831,0.01670852922848911,1.4515987715526737
googlenet,implicit precomp gemm,279,inception4e.branch2.1.conv,160,320,3,1,1,0.9454431980848312,0.07498687893422654,1.818775283673775
googlenet,implicit precomp gemm,279,inception4e.branch3.0.conv,528,32,1,1,0,0.38469919860363005,0.00630164944592743,0.7400565105198539
googlenet,implicit precomp gemm,279,inception4e.branch3.1.conv,32,128,3,1,1,0.3584864020347595,0.010291000363537015,0.6896302272571414
googlenet,implicit precomp gemm,279,inception4e.branch4.1.conv,528,128,1,1,0,0.7137760013341904,0.013853705537994244,1.3731106764910506
googlenet,implicit precomp gemm,279,inception5a.branch1.conv,832,256,1,1,0,0.7320496022701264,0.03460856177340198,1.4082641090751795
googlenet,implicit precomp gemm,279,inception5a.branch2.0.conv,832,160,1,1,0,0.47797599732875823,0.020002043995699863,0.9194956734490842
googlenet,implicit precomp gemm,279,inception5a.branch2.1.conv,160,320,3,1,1,0.7398192048072815,0.12473370431856746,1.423210708815039
googlenet,implicit precomp gemm,279,inception5a.branch3.0.conv,832,32,1,1,0,0.44763840138912203,0.027001272318160914,0.8611343993155731
googlenet,implicit precomp gemm,279,inception5a.branch3.1.conv,32,128,3,1,1,0.3166655972599983,0.00860618380125258,0.6091783860235689
googlenet,implicit precomp gemm,279,inception5a.branch4.1.conv,832,128,1,1,0,0.45879520028829573,0.024234135436785133,0.8825970425752006
googlenet,implicit precomp gemm,279,inception5b.branch1.conv,832,384,1,1,0,0.7592383980751037,0.060924034915769656,1.4605679491187873
googlenet,implicit precomp gemm,279,inception5b.branch2.0.conv,832,192,1,1,0,0.4920512020587921,0.03019760558853585,0.9465725348908827
googlenet,implicit precomp gemm,279,inception5b.branch2.1.conv,192,384,3,1,1,0.9898112028837204,0.007895406848222812,1.9041272441909192
googlenet,implicit precomp gemm,279,inception5b.branch3.0.conv,832,48,1,1,0,0.44886559545993804,0.011443388065331052,0.8634951865620123
googlenet,implicit precomp gemm,279,inception5b.branch3.1.conv,48,128,3,1,1,0.30936960130929947,0.013231072431250575,0.5951428764003621
googlenet,implicit precomp gemm,279,inception5b.branch4.1.conv,832,128,1,1,0,0.4553424000740051,0.01868207086045238,0.8759547951065675
googlenet,implicit precomp gemm,282,conv1.conv,3,64,7,2,3,1.1993376016616821,0.021065112369951396,2.304491136536079
googlenet,implicit precomp gemm,282,conv2.conv,64,64,1,1,0,0.8588640034198761,0.00889510995335079,1.6502813558323812
googlenet,implicit precomp gemm,282,conv3.conv,64,192,3,1,1,1.483454406261444,0.007843348995533182,2.8504130329511965
googlenet,implicit precomp gemm,282,inception3a.branch1.conv,192,64,1,1,0,0.4843104064464569,0.0052736722794919574,0.9305878823791605
googlenet,implicit precomp gemm,282,inception3a.branch2.0.conv,192,96,1,1,0,0.7406544059514999,0.0048028042123902034,1.4231451689556065
googlenet,implicit precomp gemm,282,inception3a.branch2.1.conv,96,128,3,1,1,0.692740797996521,0.007731175199322671,1.3310806120712635
googlenet,implicit precomp gemm,282,inception3a.branch3.0.conv,192,16,1,1,0,0.3666767984628677,0.008477832110738446,0.7045584419769317
googlenet,implicit precomp gemm,282,inception3a.branch3.1.conv,16,32,3,1,1,0.22536159828305244,0.0036720117601065014,0.4330255342943871
googlenet,implicit precomp gemm,282,inception3a.branch4.1.conv,192,32,1,1,0,0.37968000024557114,0.004617675626411949,0.7295437031855461
googlenet,implicit precomp gemm,282,inception3b.branch1.conv,256,128,1,1,0,0.8157968074083328,0.008186673155995323,1.5675290337618017
googlenet,implicit precomp gemm,282,inception3b.branch2.0.conv,256,128,1,1,0,0.7793040007352829,0.006377848684501006,1.497409203107905
googlenet,implicit precomp gemm,282,inception3b.branch2.1.conv,128,192,3,1,1,0.9878047943115235,0.006386886306984313,1.89803720817626
googlenet,implicit precomp gemm,282,inception3b.branch3.0.conv,256,32,1,1,0,0.41888799965381623,0.008721322792326807,0.8048806950320675
googlenet,implicit precomp gemm,282,inception3b.branch3.1.conv,32,96,3,1,1,0.41358400136232376,0.005618852402373687,0.7946892218105059
googlenet,implicit precomp gemm,282,inception3b.branch4.1.conv,256,64,1,1,0,0.6774352043867111,0.006492920703271791,1.3016713742016583
googlenet,implicit precomp gemm,282,inception4a.branch1.conv,480,192,1,1,0,0.7639712065458297,0.008620857421546146,1.4679477001424588
googlenet,implicit precomp gemm,282,inception4a.branch2.0.conv,480,96,1,1,0,0.5144991934299469,0.006529938981685717,0.9885947287665657
googlenet,implicit precomp gemm,282,inception4a.branch2.1.conv,96,208,3,1,1,0.6344736069440842,0.008513974234230542,1.2191219566058171
googlenet,implicit precomp gemm,282,inception4a.branch3.0.conv,480,16,1,1,0,0.3608704000711441,0.005904488595691719,0.6934016220703556
googlenet,implicit precomp gemm,282,inception4a.branch3.1.conv,16,48,3,1,1,0.20024960115551949,0.005418700835497034,0.3847735869520043
googlenet,implicit precomp gemm,282,inception4a.branch4.1.conv,480,64,1,1,0,0.48750240057706834,0.005873908072944129,0.9367212031152714
googlenet,implicit precomp gemm,282,inception4b.branch1.conv,512,160,1,1,0,0.710291200876236,0.005053456016753234,1.3648031834497512
googlenet,implicit precomp gemm,282,inception4b.branch2.0.conv,512,112,1,1,0,0.5091216042637825,0.00898696350411189,0.9782618528922596
googlenet,implicit precomp gemm,282,inception4b.branch2.1.conv,112,224,3,1,1,0.6539664059877396,0.0061097685999823275,1.2565767838038844
googlenet,implicit precomp gemm,282,inception4b.branch3.0.conv,512,24,1,1,0,0.3644575998187065,0.009442885428034804,0.7002943185152836
googlenet,implicit precomp gemm,282,inception4b.branch3.1.conv,24,64,3,1,1,0.21294880136847497,0.004369228313095418,0.4091747182859224
googlenet,implicit precomp gemm,282,inception4b.branch4.1.conv,512,64,1,1,0,0.48679680079221727,0.0070861865172250245,0.9353654143466392
googlenet,implicit precomp gemm,282,inception4c.branch1.conv,512,128,1,1,0,0.6901647955179214,0.006804467518967813,1.3261309007711233
googlenet,implicit precomp gemm,282,inception4c.branch2.0.conv,512,128,1,1,0,0.6843152046203613,0.009622471653733596,1.3148910877634161
googlenet,implicit precomp gemm,282,inception4c.branch2.1.conv,128,256,3,1,1,0.6901087999343872,0.009657597696217672,1.326023306941195
googlenet,implicit precomp gemm,282,inception4c.branch3.0.conv,512,24,1,1,0,0.36751840114593504,0.011508029361300758,0.7061755562247686
googlenet,implicit precomp gemm,282,inception4c.branch3.1.conv,24,64,3,1,1,0.21304959952831268,0.0059874337612704645,0.40936839891896787
googlenet,implicit precomp gemm,282,inception4c.branch4.1.conv,512,64,1,1,0,0.4900431975722313,0.00778377796875595,0.9416032681376455
googlenet,implicit precomp gemm,282,inception4d.branch1.conv,512,112,1,1,0,0.5035968020558357,0.007624178923256703,0.9676461115849843
googlenet,implicit precomp gemm,282,inception4d.branch2.0.conv,512,144,1,1,0,0.6794432044029236,0.01017924123127296,1.3055296858506173
googlenet,implicit precomp gemm,282,inception4d.branch2.1.conv,144,288,3,1,1,0.7315551936626434,0.007906360225624348,1.4056613061632806
googlenet,implicit precomp gemm,282,inception4d.branch3.0.conv,512,32,1,1,0,0.3703600004315376,0.006802337915184811,0.711635603802853
googlenet,implicit precomp gemm,282,inception4d.branch3.1.conv,32,64,3,1,1,0.3330512002110481,0.005957785017253516,0.6399478660851402
googlenet,implicit precomp gemm,282,inception4d.branch4.1.conv,512,64,1,1,0,0.4938352033495903,0.006336859463840099,0.9488894932101439
googlenet,implicit precomp gemm,282,inception4e.branch1.conv,528,256,1,1,0,0.6571168005466461,0.009214721552083707,1.2626301722138973
googlenet,implicit precomp gemm,282,inception4e.branch2.0.conv,528,160,1,1,0,0.7501183986663819,0.0074669568181290535,1.441329946367296
googlenet,implicit precomp gemm,282,inception4e.branch2.1.conv,160,320,3,1,1,0.9278447955846787,0.00922125374190579,1.7828258736685416
googlenet,implicit precomp gemm,282,inception4e.branch3.0.conv,528,32,1,1,0,0.3822319984436035,0.00644767931232235,0.7344472909824045
googlenet,implicit precomp gemm,282,inception4e.branch3.1.conv,32,128,3,1,1,0.3557936057448387,0.0060502369237676835,0.683646714435693
googlenet,implicit precomp gemm,282,inception4e.branch4.1.conv,528,128,1,1,0,0.7089551985263824,0.008404142393855835,1.3622360951091845
googlenet,implicit precomp gemm,282,inception5a.branch1.conv,832,256,1,1,0,0.7260735988616943,0.008986939381130413,1.3951285865892695
googlenet,implicit precomp gemm,282,inception5a.branch2.0.conv,832,160,1,1,0,0.4691311985254288,0.005298837306119618,0.9014214908100291
googlenet,implicit precomp gemm,282,inception5a.branch2.1.conv,160,320,3,1,1,0.7139616012573242,0.00556490298874129,1.3718557474100885
googlenet,implicit precomp gemm,282,inception5a.branch3.0.conv,832,32,1,1,0,0.43906879872083665,0.008226482187968518,0.8436574935863106
googlenet,implicit precomp gemm,282,inception5a.branch3.1.conv,32,128,3,1,1,0.31649919897317885,0.007409858107705343,0.6081436934387098
googlenet,implicit precomp gemm,282,inception5a.branch4.1.conv,832,128,1,1,0,0.4576671987771988,0.0071337779391926134,0.8793937600255988
googlenet,implicit precomp gemm,282,inception5b.branch1.conv,832,384,1,1,0,0.748332804441452,0.0069283932522984605,1.4378989807583635
googlenet,implicit precomp gemm,282,inception5b.branch2.0.conv,832,192,1,1,0,0.4869456022977829,0.010896375148066522,0.9356513319650014
googlenet,implicit precomp gemm,282,inception5b.branch2.1.conv,192,384,3,1,1,0.984646400809288,0.0036177761542828535,1.891968450037175
googlenet,implicit precomp gemm,282,inception5b.branch3.0.conv,832,48,1,1,0,0.4444719970226288,0.008177487580342138,0.8540395766446379
googlenet,implicit precomp gemm,282,inception5b.branch3.1.conv,48,128,3,1,1,0.3051600009202957,0.006863644400465567,0.586355765359
googlenet,implicit precomp gemm,282,inception5b.branch4.1.conv,832,128,1,1,0,0.4546927988529205,0.007240016221881407,0.873678540013722
googlenet,implicit precomp gemm,285,conv1.conv,3,64,7,2,3,1.244020801782608,0.02922188574595208,2.2048278928837517
googlenet,implicit precomp gemm,285,conv2.conv,64,64,1,1,0,0.8570767998695373,0.020621052632211097,1.5190315402990553
googlenet,implicit precomp gemm,285,conv3.conv,64,192,3,1,1,1.5079792022705079,0.026326175419500383,2.672651938207395
googlenet,implicit precomp gemm,285,inception3a.branch1.conv,192,64,1,1,0,0.478668799996376,0.004198873257958803,0.8483638860161369
googlenet,implicit precomp gemm,285,inception3a.branch2.0.conv,192,96,1,1,0,0.7283823966979981,0.006952334598281382,1.290941295052319
googlenet,implicit precomp gemm,285,inception3a.branch2.1.conv,96,128,3,1,1,0.6920352011919022,0.012416249544405199,1.2265217046683765
googlenet,implicit precomp gemm,285,inception3a.branch3.0.conv,192,16,1,1,0,0.3633312001824379,0.0062364418267501776,0.6439464383306654
googlenet,implicit precomp gemm,285,inception3a.branch3.1.conv,16,32,3,1,1,0.2259663999080658,0.006130555439949611,0.4004893010293015
googlenet,implicit precomp gemm,285,inception3a.branch4.1.conv,192,32,1,1,0,0.38003039807081224,0.005623718374458299,0.6735430955893816
googlenet,implicit precomp gemm,285,inception3b.branch1.conv,256,128,1,1,0,0.8073167979717255,0.010559818783097417,1.4308398959334365
googlenet,implicit precomp gemm,285,inception3b.branch2.0.conv,256,128,1,1,0,0.7968047976493835,0.011532322134646654,1.412209056732443
googlenet,implicit precomp gemm,285,inception3b.branch2.1.conv,128,192,3,1,1,0.9771248042583466,0.013694345023995655,1.7317974266750704
googlenet,implicit precomp gemm,285,inception3b.branch3.0.conv,256,32,1,1,0,0.41720479875802996,0.006350458657107699,0.7394287748472896
googlenet,implicit precomp gemm,285,inception3b.branch3.1.conv,32,96,3,1,1,0.4216047987341881,0.00892841684079594,0.7472270710351188
googlenet,implicit precomp gemm,285,inception3b.branch4.1.conv,256,64,1,1,0,0.6776032090187073,0.00448038977131217,1.200943306905458
googlenet,implicit precomp gemm,285,inception4a.branch1.conv,480,192,1,1,0,0.7599584013223648,0.005966856769807863,1.346904712739442
googlenet,implicit precomp gemm,285,inception4a.branch2.0.conv,480,96,1,1,0,0.5134272009134293,0.009101713019307456,0.9099675921150543
googlenet,implicit precomp gemm,285,inception4a.branch2.1.conv,96,208,3,1,1,0.6378480017185211,0.009373362404675041,1.130483560720166
googlenet,implicit precomp gemm,285,inception4a.branch3.0.conv,480,16,1,1,0,0.36380319893360136,0.005978106230813248,0.6447829806219842
googlenet,implicit precomp gemm,285,inception4a.branch3.1.conv,16,48,3,1,1,0.197902400046587,0.004688686468520972,0.3507503500472848
googlenet,implicit precomp gemm,285,inception4a.branch4.1.conv,480,64,1,1,0,0.484593603014946,0.006721690163969184,0.8588646517078892
googlenet,implicit precomp gemm,285,inception4b.branch1.conv,512,160,1,1,0,0.7079472005367279,0.006189936915578569,1.2547231784192556
googlenet,implicit precomp gemm,285,inception4b.branch2.0.conv,512,112,1,1,0,0.5079472035169601,0.005649302462372725,0.9002551732428359
googlenet,implicit precomp gemm,285,inception4b.branch2.1.conv,112,224,3,1,1,0.6536559969186783,0.0059623555419260075,1.1585007037598447
googlenet,implicit precomp gemm,285,inception4b.branch3.0.conv,512,24,1,1,0,0.362566402554512,0.007528619422385721,0.6425909568627943
googlenet,implicit precomp gemm,285,inception4b.branch3.1.conv,24,64,3,1,1,0.2118400014936924,0.004957233345768263,0.375452519324873
googlenet,implicit precomp gemm,285,inception4b.branch4.1.conv,512,64,1,1,0,0.4873968005180359,0.006244518859695545,0.8638328709171004
googlenet,implicit precomp gemm,285,inception4c.branch1.conv,512,128,1,1,0,0.6917744040489197,0.008094995681179003,1.2260594834463452
googlenet,implicit precomp gemm,285,inception4c.branch2.0.conv,512,128,1,1,0,0.6859184026718139,0.007899837847277694,1.2156806576594235
googlenet,implicit precomp gemm,285,inception4c.branch2.1.conv,128,256,3,1,1,0.6892671972513199,0.006255999685990032,1.2216158604195804
googlenet,implicit precomp gemm,285,inception4c.branch3.0.conv,512,24,1,1,0,0.3654896020889282,0.008545460489714185,0.6477718604784817
googlenet,implicit precomp gemm,285,inception4c.branch3.1.conv,24,64,3,1,1,0.2106192007660866,0.005418283812991608,0.37328884529947
googlenet,implicit precomp gemm,285,inception4c.branch4.1.conv,512,64,1,1,0,0.48973439782857897,0.007543115283842397,0.867975888256706
googlenet,implicit precomp gemm,285,inception4d.branch1.conv,512,112,1,1,0,0.5016384020447731,0.006484190039937428,0.8890738317117199
googlenet,implicit precomp gemm,285,inception4d.branch2.0.conv,512,144,1,1,0,0.6800128012895584,0.006934096399245797,1.205213923796781
googlenet,implicit precomp gemm,285,inception4d.branch2.1.conv,144,288,3,1,1,0.7246144026517868,0.010777609910490269,1.2842631282874206
googlenet,implicit precomp gemm,285,inception4d.branch3.0.conv,512,32,1,1,0,0.3689263999462128,0.006895315992764752,0.6538630349725785
googlenet,implicit precomp gemm,285,inception4d.branch3.1.conv,32,64,3,1,1,0.33233599960803983,0.008201460386303677,0.589012402923835
googlenet,implicit precomp gemm,285,inception4d.branch4.1.conv,512,64,1,1,0,0.4904336020350456,0.006440252678025834,0.869215115876558
googlenet,implicit precomp gemm,285,inception4e.branch1.conv,528,256,1,1,0,0.6572655975818634,0.008222727173264376,1.1648981435879875
googlenet,implicit precomp gemm,285,inception4e.branch2.0.conv,528,160,1,1,0,0.7476992070674896,0.009149700260137348,1.3251772517526985
googlenet,implicit precomp gemm,285,inception4e.branch2.1.conv,160,320,3,1,1,0.9277088016271591,0.006722562561905706,1.6442154659876491
googlenet,implicit precomp gemm,285,inception4e.branch3.0.conv,528,32,1,1,0,0.38369439989328386,0.007027317641605588,0.680036952771019
googlenet,implicit precomp gemm,285,inception4e.branch3.1.conv,32,128,3,1,1,0.3550015985965729,0.007133384354858679,0.6291835518204016
googlenet,implicit precomp gemm,285,inception4e.branch4.1.conv,528,128,1,1,0,0.7099775940179824,0.007210210144441336,1.2583217261079955
googlenet,implicit precomp gemm,285,inception5a.branch1.conv,832,256,1,1,0,0.7242303967475892,0.007319090237410783,1.2835825392430946
googlenet,implicit precomp gemm,285,inception5a.branch2.0.conv,832,160,1,1,0,0.47145759910345075,0.006790148326634156,0.8355831858484816
googlenet,implicit precomp gemm,285,inception5a.branch2.1.conv,160,320,3,1,1,0.7123552054166794,0.008355872205848238,1.2625356620186923
googlenet,implicit precomp gemm,285,inception5a.branch3.0.conv,832,32,1,1,0,0.43891199827194216,0.006804151420525572,0.7779013139688903
googlenet,implicit precomp gemm,285,inception5a.branch3.1.conv,32,128,3,1,1,0.313332799077034,0.005395035408514288,0.5553322695009963
googlenet,implicit precomp gemm,285,inception5a.branch4.1.conv,832,128,1,1,0,0.45660959780216215,0.00802811991040397,0.8092674784457237
googlenet,implicit precomp gemm,285,inception5b.branch1.conv,832,384,1,1,0,0.7453376024961471,0.004733307425960707,1.3209916853832322
googlenet,implicit precomp gemm,285,inception5b.branch2.0.conv,832,192,1,1,0,0.4857375994324684,0.00916664318064257,0.8608922023783429
googlenet,implicit precomp gemm,285,inception5b.branch2.1.conv,192,384,3,1,1,0.986815994977951,0.006677798385587564,1.7489735121418264
googlenet,implicit precomp gemm,285,inception5b.branch3.0.conv,832,48,1,1,0,0.44265599846839904,0.009550886689480304,0.78453695547286
googlenet,implicit precomp gemm,285,inception5b.branch3.1.conv,48,128,3,1,1,0.30586239993572234,0.007349367033806366,0.5420921818962418
googlenet,implicit precomp gemm,285,inception5b.branch4.1.conv,832,128,1,1,0,0.44856959879398345,0.008526145216317726,0.7950178661831404
googlenet,implicit precomp gemm,288,conv1.conv,3,64,7,2,3,1.2666032016277313,0.026103900183617294,2.3285720160801926
googlenet,implicit precomp gemm,288,conv2.conv,64,64,1,1,0,0.8414559990167618,0.020931598011334627,1.5469650554768772
googlenet,implicit precomp gemm,288,conv3.conv,64,192,3,1,1,1.4691503882408141,0.03974660077118417,2.7009425501802786
googlenet,implicit precomp gemm,288,inception3a.branch1.conv,192,64,1,1,0,0.49272159934043885,0.007092294296692787,0.9058383292162544
googlenet,implicit precomp gemm,288,inception3a.branch2.0.conv,192,96,1,1,0,0.7434064000844955,0.010416045725009562,1.3667069036198871
googlenet,implicit precomp gemm,288,inception3a.branch2.1.conv,96,128,3,1,1,0.7050608038902283,0.010376046845947857,1.296210885511664
googlenet,implicit precomp gemm,288,inception3a.branch3.0.conv,192,16,1,1,0,0.45295200049877166,0.009247440553985761,0.8327243699001625
googlenet,implicit precomp gemm,288,inception3a.branch3.1.conv,16,32,3,1,1,0.2342175990343094,0.005108949720836073,0.4305946377554483
googlenet,implicit precomp gemm,288,inception3a.branch4.1.conv,192,32,1,1,0,0.48898720145225527,0.00606932330855847,0.898972868582523
googlenet,implicit precomp gemm,288,inception3b.branch1.conv,256,128,1,1,0,0.9848815977573395,0.012753372870401685,1.8106441897058585
googlenet,implicit precomp gemm,288,inception3b.branch2.0.conv,256,128,1,1,0,0.9638992041349411,0.01382840133467589,1.7720693506744185
googlenet,implicit precomp gemm,288,inception3b.branch2.1.conv,128,192,3,1,1,0.994660809636116,0.011065449144232284,1.8286226687519984
googlenet,implicit precomp gemm,288,inception3b.branch3.0.conv,256,32,1,1,0,0.5100559934973716,0.006677056978244865,0.9377065457955783
googlenet,implicit precomp gemm,288,inception3b.branch3.1.conv,32,96,3,1,1,0.4329456016421318,0.012179108308021156,0.7959438371648581
googlenet,implicit precomp gemm,288,inception3b.branch4.1.conv,256,64,1,1,0,0.6854384034872055,0.00943724107334006,1.26013631029499
googlenet,implicit precomp gemm,288,inception4a.branch1.conv,480,192,1,1,0,0.7721247941255569,0.009774077253388866,1.4195039032049506
googlenet,implicit precomp gemm,288,inception4a.branch2.0.conv,480,96,1,1,0,0.512457600235939,0.0050798979057466494,0.9421217519452793
googlenet,implicit precomp gemm,288,inception4a.branch2.1.conv,96,208,3,1,1,0.6288192003965378,0.010689158700657453,1.1560453908023993
googlenet,implicit precomp gemm,288,inception4a.branch3.0.conv,480,16,1,1,0,0.36952959597110746,0.00799331582507573,0.6793574145288197
googlenet,implicit precomp gemm,288,inception4a.branch3.1.conv,16,48,3,1,1,0.20051999986171723,0.004212759806074957,0.36864367604814674
googlenet,implicit precomp gemm,288,inception4a.branch4.1.conv,480,64,1,1,0,0.4888079956173897,0.013731718369483106,0.8986434096867536
googlenet,implicit precomp gemm,288,inception4b.branch1.conv,512,160,1,1,0,0.7326992005109787,0.017913104821148263,1.3470223763224383
googlenet,implicit precomp gemm,288,inception4b.branch2.0.conv,512,112,1,1,0,0.6936912029981613,0.02049666520832575,1.27530857416645
googlenet,implicit precomp gemm,288,inception4b.branch2.1.conv,112,224,3,1,1,0.6739695936441421,0.025658813789754615,1.2390516094005173
googlenet,implicit precomp gemm,288,inception4b.branch3.0.conv,512,24,1,1,0,0.37755680084228516,0.0184223791412203,0.6941149365423008
googlenet,implicit precomp gemm,288,inception4b.branch3.1.conv,24,64,3,1,1,0.22039839997887611,0.018322027759101845,0.40518889098031774
googlenet,implicit precomp gemm,288,inception4b.branch4.1.conv,512,64,1,1,0,0.49867360293865204,0.03438457363691057,0.9167807214355355
googlenet,implicit precomp gemm,288,inception4c.branch1.conv,512,128,1,1,0,0.7096992015838623,0.04378861165939839,1.3047382941389016
googlenet,implicit precomp gemm,288,inception4c.branch2.0.conv,512,128,1,1,0,0.7084848016500473,0.03806968084758004,1.3025056946171436
googlenet,implicit precomp gemm,288,inception4c.branch2.1.conv,128,256,3,1,1,0.6975423991680145,0.03624381732586058,1.2823887612511116
googlenet,implicit precomp gemm,288,inception4c.branch3.0.conv,512,24,1,1,0,0.3751968041062355,0.020968298955936,0.6897762278207821
googlenet,implicit precomp gemm,288,inception4c.branch3.1.conv,24,64,3,1,1,0.21653760150074958,0.016671422796390407,0.398091050642999
googlenet,implicit precomp gemm,288,inception4c.branch4.1.conv,512,64,1,1,0,0.5016207993030548,0.030418757707515127,0.9221989605266906
googlenet,implicit precomp gemm,288,inception4d.branch1.conv,512,112,1,1,0,0.7089600026607513,0.04286704434473175,1.303379322422692
googlenet,implicit precomp gemm,288,inception4d.branch2.0.conv,512,144,1,1,0,0.7164384067058563,0.042123888903447586,1.317127907900759
googlenet,implicit precomp gemm,288,inception4d.branch2.1.conv,144,288,3,1,1,0.740407994389534,0.03677719302832355,1.361194519326866
googlenet,implicit precomp gemm,288,inception4d.branch3.0.conv,512,32,1,1,0,0.38656160086393354,0.019687906690474904,0.7106697070606937
googlenet,implicit precomp gemm,288,inception4d.branch3.1.conv,32,64,3,1,1,0.3344720020890236,0.02077964981806156,0.6149061862672652
googlenet,implicit precomp gemm,288,inception4d.branch4.1.conv,512,64,1,1,0,0.5044447973370552,0.028567721139426506,0.9273907070712973
googlenet,implicit precomp gemm,288,inception4e.branch1.conv,528,256,1,1,0,0.6694368094205856,0.03880635046098799,1.230718364636617
googlenet,implicit precomp gemm,288,inception4e.branch2.0.conv,528,160,1,1,0,0.7338160037994385,0.040184483131388206,1.3490755504196075
googlenet,implicit precomp gemm,288,inception4e.branch2.1.conv,160,320,3,1,1,0.9375119924545288,0.042930509228714955,1.7235580863554674
googlenet,implicit precomp gemm,288,inception4e.branch3.0.conv,528,32,1,1,0,0.3984832033514977,0.02170484328762657,0.732586839358874
googlenet,implicit precomp gemm,288,inception4e.branch3.1.conv,32,128,3,1,1,0.3619695991277695,0.019135434246097427,0.6654588257139262
googlenet,implicit precomp gemm,288,inception4e.branch4.1.conv,528,128,1,1,0,0.7409440010786057,0.038197921639955654,1.3621799346289907
googlenet,implicit precomp gemm,288,inception5a.branch1.conv,832,256,1,1,0,0.7351391971111297,0.045342190741220215,1.3515081598694407
googlenet,implicit precomp gemm,288,inception5a.branch2.0.conv,832,160,1,1,0,0.4824319988489151,0.035408800861162916,0.8869215321243034
googlenet,implicit precomp gemm,288,inception5a.branch2.1.conv,160,320,3,1,1,0.7227184057235718,0.036388530714382084,1.32867329950791
googlenet,implicit precomp gemm,288,inception5a.branch3.0.conv,832,32,1,1,0,0.44932479709386824,0.029861811674284314,0.8260559797252172
googlenet,implicit precomp gemm,288,inception5a.branch3.1.conv,32,128,3,1,1,0.3157680004835129,0.024282243202197275,0.5805200307046234
googlenet,implicit precomp gemm,288,inception5a.branch4.1.conv,832,128,1,1,0,0.4599776029586792,0.025128588208466057,0.8456405075376018
googlenet,implicit precomp gemm,288,inception5b.branch1.conv,832,384,1,1,0,0.7579135984182358,0.04175460643748155,1.3933774947160253
googlenet,implicit precomp gemm,288,inception5b.branch2.0.conv,832,192,1,1,0,0.49965599924325943,0.03402721916643697,0.918586796566776
googlenet,implicit precomp gemm,288,inception5b.branch2.1.conv,192,384,3,1,1,0.9933792024850845,0.04353014752765928,1.8262665128985591
googlenet,implicit precomp gemm,288,inception5b.branch3.0.conv,832,48,1,1,0,0.4476447969675064,0.032098214123109335,0.8229674029110815
googlenet,implicit precomp gemm,288,inception5b.branch3.1.conv,48,128,3,1,1,0.31423839926719666,0.01838209790865856,0.5777079530282849
googlenet,implicit precomp gemm,288,inception5b.branch4.1.conv,832,128,1,1,0,0.4543712005019188,0.028127274440591498,0.8353334817422158
googlenet,implicit precomp gemm,290,conv1.conv,3,64,7,2,3,1.2873007953166962,0.08122633498852695,2.3703177503557145
googlenet,implicit precomp gemm,290,conv2.conv,64,64,1,1,0,0.8525344014167786,0.024512823181083145,1.5697787431024863
googlenet,implicit precomp gemm,290,conv3.conv,64,192,3,1,1,1.4412128031253815,0.07569266456063609,2.6537172211158198
googlenet,implicit precomp gemm,290,inception3a.branch1.conv,192,64,1,1,0,0.49047999680042265,0.00542904388552442,0.9031249315156679
googlenet,implicit precomp gemm,290,inception3a.branch2.0.conv,192,96,1,1,0,0.7420064061880112,0.007050534458409501,1.366262618545501
googlenet,implicit precomp gemm,290,inception3a.branch2.1.conv,96,128,3,1,1,0.7042431980371475,0.009856632844408736,1.2967289066764356
googlenet,implicit precomp gemm,290,inception3a.branch3.0.conv,192,16,1,1,0,0.45637919902801516,0.007402116229419775,0.8403348465912328
googlenet,implicit precomp gemm,290,inception3a.branch3.1.conv,16,32,3,1,1,0.2371824011206627,0.006073463989972306,0.43672594431201794
googlenet,implicit precomp gemm,290,inception3a.branch4.1.conv,192,32,1,1,0,0.47653279900550843,0.0048208446401138095,0.8774438392478159
googlenet,implicit precomp gemm,290,inception3b.branch1.conv,256,128,1,1,0,0.9824800074100495,0.01256823127083593,1.8090486772058083
googlenet,implicit precomp gemm,290,inception3b.branch2.0.conv,256,128,1,1,0,0.9585856050252914,0.012916041870638757,1.7650517137045156
googlenet,implicit precomp gemm,290,inception3b.branch2.1.conv,128,192,3,1,1,0.9785023957490921,0.012074973665564235,1.8017246674962752
googlenet,implicit precomp gemm,290,inception3b.branch3.0.conv,256,32,1,1,0,0.5100800022482872,0.007104857051318588,0.9392145859221289
googlenet,implicit precomp gemm,290,inception3b.branch3.1.conv,32,96,3,1,1,0.4280768021941185,0.006666855262167817,0.7882214059431266
googlenet,implicit precomp gemm,290,inception3b.branch4.1.conv,256,64,1,1,0,0.6907487988471985,0.010811120452390655,1.2718815562772985
googlenet,implicit precomp gemm,290,inception4a.branch1.conv,480,192,1,1,0,0.7675263971090317,0.0075215283473463465,1.4132527918516007
googlenet,implicit precomp gemm,290,inception4a.branch2.0.conv,480,96,1,1,0,0.5134048014879227,0.010247644625309726,0.945336566645475
googlenet,implicit precomp gemm,290,inception4a.branch2.1.conv,96,208,3,1,1,0.6251456022262574,0.0066388608997936605,1.1510858401584116
googlenet,implicit precomp gemm,290,inception4a.branch3.0.conv,480,16,1,1,0,0.3662544026970863,0.009092387325892288,0.6743873032761218
googlenet,implicit precomp gemm,290,inception4a.branch3.1.conv,16,48,3,1,1,0.20251040011644364,0.006069206458979755,0.37288409808645645
googlenet,implicit precomp gemm,290,inception4a.branch4.1.conv,480,64,1,1,0,0.48771680146455765,0.00627907273018094,0.8980370367702214
googlenet,implicit precomp gemm,290,inception4b.branch1.conv,512,160,1,1,0,0.7171248078346253,0.006970995880111507,1.3204479228280617
googlenet,implicit precomp gemm,290,inception4b.branch2.0.conv,512,112,1,1,0,0.6873919993638993,0.006120215799093287,1.2657006532369242
googlenet,implicit precomp gemm,290,inception4b.branch2.1.conv,112,224,3,1,1,0.6674575984477997,0.004388387472319604,1.2289952736503968
googlenet,implicit precomp gemm,290,inception4b.branch3.0.conv,512,24,1,1,0,0.3713007986545563,0.006901251778605678,0.6836792744741755
googlenet,implicit precomp gemm,290,inception4b.branch3.1.conv,24,64,3,1,1,0.2171168014407158,0.005605499323606985,0.39977898734132095
googlenet,implicit precomp gemm,290,inception4b.branch4.1.conv,512,64,1,1,0,0.4941216051578522,0.006423065250344079,0.9098302555245257
googlenet,implicit precomp gemm,290,inception4c.branch1.conv,512,128,1,1,0,0.7006335943937302,0.009842261622398978,1.2900825132158957
googlenet,implicit precomp gemm,290,inception4c.branch2.0.conv,512,128,1,1,0,0.6959279954433442,0.0070087158577270435,1.2814180544050775
googlenet,implicit precomp gemm,290,inception4c.branch2.1.conv,128,256,3,1,1,0.695956802368164,0.005604630716437412,1.2814710968373373
googlenet,implicit precomp gemm,290,inception4c.branch3.0.conv,512,24,1,1,0,0.37197760343551634,0.005864582252520823,0.6849254807933758
googlenet,implicit precomp gemm,290,inception4c.branch3.1.conv,24,64,3,1,1,0.22238879948854445,0.005963785383234657,0.40948636156036244
googlenet,implicit precomp gemm,290,inception4c.branch4.1.conv,512,64,1,1,0,0.4965248018503189,0.007687477768993004,0.9142552817487569
googlenet,implicit precomp gemm,290,inception4d.branch1.conv,512,112,1,1,0,0.6974288046360015,0.007248645313816178,1.2841815069580431
googlenet,implicit precomp gemm,290,inception4d.branch2.0.conv,512,144,1,1,0,0.6989887923002243,0.01005178677033934,1.287053925327002
googlenet,implicit precomp gemm,290,inception4d.branch2.1.conv,144,288,3,1,1,0.7361840039491654,0.006613415658428115,1.3555417804735788
googlenet,implicit precomp gemm,290,inception4d.branch3.0.conv,512,32,1,1,0,0.37918719947338103,0.007049855548479195,0.6982005704411227
googlenet,implicit precomp gemm,290,inception4d.branch3.1.conv,32,64,3,1,1,0.3374479964375496,0.006705065445574794,0.621345825845713
googlenet,implicit precomp gemm,290,inception4d.branch4.1.conv,512,64,1,1,0,0.49931680262088773,0.005233434133198067,0.9193962161827002
googlenet,implicit precomp gemm,290,inception4e.branch1.conv,528,256,1,1,0,0.6597359985113144,0.009015288908033724,1.2147774269302027
googlenet,implicit precomp gemm,290,inception4e.branch2.0.conv,528,160,1,1,0,0.7100816011428833,0.009061249669593418,1.3074792072787536
googlenet,implicit precomp gemm,290,inception4e.branch2.1.conv,160,320,3,1,1,0.9299375981092453,0.007954792406909682,1.7123018983136908
googlenet,implicit precomp gemm,290,inception4e.branch3.0.conv,528,32,1,1,0,0.3897999972105026,0.006410136451560498,0.7177420039186384
googlenet,implicit precomp gemm,290,inception4e.branch3.1.conv,32,128,3,1,1,0.35855359882116317,0.004100941995135582,0.6602077485166469
googlenet,implicit precomp gemm,290,inception4e.branch4.1.conv,528,128,1,1,0,0.7230112046003342,0.008828758448458393,1.3312865945589865
googlenet,implicit precomp gemm,290,inception5a.branch1.conv,832,256,1,1,0,0.7285744071006774,0.010221186755528558,1.3415301659786274
googlenet,implicit precomp gemm,290,inception5a.branch2.0.conv,832,160,1,1,0,0.4754639998078346,0.00898149381262009,0.8754758503216621
googlenet,implicit precomp gemm,290,inception5a.branch2.1.conv,160,320,3,1,1,0.7101456075906754,0.008160573309919374,1.3075970628878628
googlenet,implicit precomp gemm,290,inception5a.branch3.0.conv,832,32,1,1,0,0.44018079787492753,0.007407623862330237,0.810508594700275
googlenet,implicit precomp gemm,290,inception5a.branch3.1.conv,32,128,3,1,1,0.31006719917058945,0.004798371823685853,0.5709293342091952
googlenet,implicit precomp gemm,290,inception5a.branch4.1.conv,832,128,1,1,0,0.45291360169649125,0.00690604717142863,0.8339536131604902
googlenet,implicit precomp gemm,290,inception5b.branch1.conv,832,384,1,1,0,0.7487487941980362,0.005874795568599113,1.3786774341333499
googlenet,implicit precomp gemm,290,inception5b.branch2.0.conv,832,192,1,1,0,0.49161440432071685,0.007425331915515727,0.9052137255964863
googlenet,implicit precomp gemm,290,inception5b.branch2.1.conv,192,384,3,1,1,0.9875744014978409,0.0056759958334964625,1.8184290277637591
googlenet,implicit precomp gemm,290,inception5b.branch3.0.conv,832,48,1,1,0,0.4381215989589691,0.009791341405230752,0.8067169744668635
googlenet,implicit precomp gemm,290,inception5b.branch3.1.conv,48,128,3,1,1,0.30942399948835375,0.008714155896486506,0.5697450052401051
googlenet,implicit precomp gemm,290,inception5b.branch4.1.conv,832,128,1,1,0,0.4480911985039711,0.007510292007182415,0.8250740817190523
googlenet,implicit precomp gemm,293,conv1.conv,3,64,7,2,3,1.2895440101623534,0.02428447691428874,2.365114825123307
googlenet,implicit precomp gemm,293,conv2.conv,64,64,1,1,0,0.8712911993265152,0.02835426143671436,1.59800961912666
googlenet,implicit precomp gemm,293,conv3.conv,64,192,3,1,1,1.5640447974205016,0.018788624655664256,2.8685686633296728
googlenet,implicit precomp gemm,293,inception3a.branch1.conv,192,64,1,1,0,0.4909263998270035,0.005782114596257261,0.9003937028322719
googlenet,implicit precomp gemm,293,inception3a.branch2.0.conv,192,96,1,1,0,0.7469616055488586,0.009280420406114669,1.369980359847581
googlenet,implicit precomp gemm,293,inception3a.branch2.1.conv,96,128,3,1,1,0.7082159966230392,0.007914687822486666,1.2989181755741275
googlenet,implicit precomp gemm,293,inception3a.branch3.0.conv,192,16,1,1,0,0.4549439996480942,0.006673035393546512,0.8343994386303517
googlenet,implicit precomp gemm,293,inception3a.branch3.1.conv,16,32,3,1,1,0.23405760079622268,0.004315577962701418,0.4292781767923099
googlenet,implicit precomp gemm,293,inception3a.branch4.1.conv,192,32,1,1,0,0.4866559997200966,0.011629817189480748,0.8925614873185245
googlenet,implicit precomp gemm,293,inception3b.branch1.conv,256,128,1,1,0,0.9792080014944077,0.008986023298216184,1.795936658976232
googlenet,implicit precomp gemm,293,inception3b.branch2.0.conv,256,128,1,1,0,0.9572256028652191,0.016406164814704496,1.75561938676222
googlenet,implicit precomp gemm,293,inception3b.branch2.1.conv,128,192,3,1,1,0.9944112032651902,0.007685923803495057,1.8238204051795832
googlenet,implicit precomp gemm,293,inception3b.branch3.0.conv,256,32,1,1,0,0.5123728007078171,0.007476138048045906,0.9397279173057769
googlenet,implicit precomp gemm,293,inception3b.branch3.1.conv,32,96,3,1,1,0.4294863998889923,0.010817916934673955,0.787708402009797
googlenet,implicit precomp gemm,293,inception3b.branch4.1.conv,256,64,1,1,0,0.6920384019613266,0.006780621932629763,1.2692473239647784
googlenet,implicit precomp gemm,293,inception4a.branch1.conv,480,192,1,1,0,0.7787328034639358,0.009354938720817088,1.4282509815624733
googlenet,implicit precomp gemm,293,inception4a.branch2.0.conv,480,96,1,1,0,0.5170064032077789,0.007407442547164978,0.9482262716698194
googlenet,implicit precomp gemm,293,inception4a.branch2.1.conv,96,208,3,1,1,0.6276815980672836,0.0090056149485418,1.151212398605239
googlenet,implicit precomp gemm,293,inception4a.branch3.0.conv,480,16,1,1,0,0.3726832002401352,0.005875998895533537,0.6835273205226775
googlenet,implicit precomp gemm,293,inception4a.branch3.1.conv,16,48,3,1,1,0.20598239973187446,0.004838476037745697,0.3777862744358733
googlenet,implicit precomp gemm,293,inception4a.branch4.1.conv,480,64,1,1,0,0.4923104003071785,0.0063455788160245935,0.9029320574970557
googlenet,implicit precomp gemm,293,inception4b.branch1.conv,512,160,1,1,0,0.7209904015064239,0.0058146965424794445,1.322347336683578
googlenet,implicit precomp gemm,293,inception4b.branch2.0.conv,512,112,1,1,0,0.6902704000473022,0.007434771991769429,1.2660046835393626
googlenet,implicit precomp gemm,293,inception4b.branch2.1.conv,112,224,3,1,1,0.6644016027450561,0.006837984739194031,1.2185594815722351
googlenet,implicit precomp gemm,293,inception4b.branch3.0.conv,512,24,1,1,0,0.3746751993894577,0.007193376787264762,0.6871807877037647
googlenet,implicit precomp gemm,293,inception4b.branch3.1.conv,24,64,3,1,1,0.21794719994068146,0.005702335352906598,0.3997305633709405
googlenet,implicit precomp gemm,293,inception4b.branch4.1.conv,512,64,1,1,0,0.5010560065507889,0.005840624922822938,0.9189721172534108
googlenet,implicit precomp gemm,293,inception4c.branch1.conv,512,128,1,1,0,0.7009952008724213,0.007677173642737453,1.2856747259947499
googlenet,implicit precomp gemm,293,inception4c.branch2.0.conv,512,128,1,1,0,0.6967263907194138,0.009944225636014837,1.277845426568789
googlenet,implicit precomp gemm,293,inception4c.branch2.1.conv,128,256,3,1,1,0.6998432040214538,0.005037877319754912,1.2835618823777448
googlenet,implicit precomp gemm,293,inception4c.branch3.0.conv,512,24,1,1,0,0.3741328001022339,0.007044493432463011,0.6861859890887194
googlenet,implicit precomp gemm,293,inception4c.branch3.1.conv,24,64,3,1,1,0.21989599838852883,0.008882463236598642,0.4033047974132519
googlenet,implicit precomp gemm,293,inception4c.branch4.1.conv,512,64,1,1,0,0.5003792002797127,0.00832729182378608,0.9177308067336891
googlenet,implicit precomp gemm,293,inception4d.branch1.conv,512,112,1,1,0,0.7025535970926284,0.010510593791631098,1.2885329347683796
googlenet,implicit precomp gemm,293,inception4d.branch2.0.conv,512,144,1,1,0,0.7051759988069535,0.009835047668052013,1.2933426047936765
googlenet,implicit precomp gemm,293,inception4d.branch2.1.conv,144,288,3,1,1,0.737011194229126,0.005861189680122123,1.351730602458214
googlenet,implicit precomp gemm,293,inception4d.branch3.0.conv,512,32,1,1,0,0.3814447999000549,0.009269309333755768,0.6995967133345309
googlenet,implicit precomp gemm,293,inception4d.branch3.1.conv,32,64,3,1,1,0.33609279841184614,0.007213778981277179,0.6164179383384977
googlenet,implicit precomp gemm,293,inception4d.branch4.1.conv,512,64,1,1,0,0.5065647959709167,0.011523550818356801,0.929075626263845
googlenet,implicit precomp gemm,293,inception4e.branch1.conv,528,256,1,1,0,0.670398399233818,0.007095644900006496,1.2295580300258335
googlenet,implicit precomp gemm,293,inception4e.branch2.0.conv,528,160,1,1,0,0.7221376001834869,0.012766430927466325,1.3244513801106357
googlenet,implicit precomp gemm,293,inception4e.branch2.1.conv,160,320,3,1,1,0.9319136023521424,0.00811475789857852,1.7091953894459369
googlenet,implicit precomp gemm,293,inception4e.branch3.0.conv,528,32,1,1,0,0.39374399930238724,0.006718602539867034,0.722154314016916
googlenet,implicit precomp gemm,293,inception4e.branch3.1.conv,32,128,3,1,1,0.36108319759368895,0.0059228373684283315,0.6622520960911162
googlenet,implicit precomp gemm,293,inception4e.branch4.1.conv,528,128,1,1,0,0.7302320092916489,0.006813865694593858,1.339297098311379
googlenet,implicit precomp gemm,293,inception5a.branch1.conv,832,256,1,1,0,0.7252624005079269,0.00790752898063933,1.330182484682982
googlenet,implicit precomp gemm,293,inception5a.branch2.0.conv,832,160,1,1,0,0.4762639969587326,0.008107930843295289,0.8735018200253315
googlenet,implicit precomp gemm,293,inception5a.branch2.1.conv,160,320,3,1,1,0.7093200057744979,0.00748816210643645,1.300943006359746
googlenet,implicit precomp gemm,293,inception5a.branch3.0.conv,832,32,1,1,0,0.43906559497118,0.0072842414514623826,0.8052773225918701
googlenet,implicit precomp gemm,293,inception5a.branch3.1.conv,32,128,3,1,1,0.3145951986312866,0.007298282045513389,0.5769898214654895
googlenet,implicit precomp gemm,293,inception5a.branch4.1.conv,832,128,1,1,0,0.4570143982768059,0.005381446868427727,0.8381966959958174
googlenet,implicit precomp gemm,293,inception5b.branch1.conv,832,384,1,1,0,0.7483775913715363,0.006627138450619284,1.3725773778903834
googlenet,implicit precomp gemm,293,inception5b.branch2.0.conv,832,192,1,1,0,0.49025439769029616,0.01148024183532172,0.8991612034344103
googlenet,implicit precomp gemm,293,inception5b.branch2.1.conv,192,384,3,1,1,0.9841216027736663,0.005577172653861793,1.8049485508843313
googlenet,implicit precomp gemm,293,inception5b.branch3.0.conv,832,48,1,1,0,0.44590400010347364,0.009447152643432839,0.8178194407600983
googlenet,implicit precomp gemm,293,inception5b.branch3.1.conv,48,128,3,1,1,0.30777280032634735,0.006717412533159045,0.5644770609495637
googlenet,implicit precomp gemm,293,inception5b.branch4.1.conv,832,128,1,1,0,0.45089280158281325,0.008073050800185905,0.8269692551482848
googlenet,implicit precomp gemm,296,conv1.conv,3,64,7,2,3,1.3228480041027069,0.00915335852186523,2.403836648250477
googlenet,implicit precomp gemm,296,conv2.conv,64,64,1,1,0,0.8360879987478256,0.011469345551695185,1.5193120950548586
googlenet,implicit precomp gemm,296,conv3.conv,64,192,3,1,1,1.5485935986042023,0.011665891242812415,2.814054248126489
googlenet,implicit precomp gemm,296,inception3a.branch1.conv,192,64,1,1,0,0.5085535988211631,0.011397901775966342,0.924127167032463
googlenet,implicit precomp gemm,296,inception3a.branch2.0.conv,192,96,1,1,0,0.7927120000123977,0.010403665512496994,1.4404906317489412
googlenet,implicit precomp gemm,296,inception3a.branch2.1.conv,96,128,3,1,1,0.713233596086502,0.008069735775384826,1.2960650442974828
googlenet,implicit precomp gemm,296,inception3a.branch3.0.conv,192,16,1,1,0,0.4166943997144699,0.005079326285303555,0.7572035986355132
googlenet,implicit precomp gemm,296,inception3a.branch3.1.conv,16,32,3,1,1,0.23521760180592538,0.006315031198187164,0.42742982548339015
googlenet,implicit precomp gemm,296,inception3a.branch4.1.conv,192,32,1,1,0,0.44013759940862657,0.00659080316970933,0.7998038236064032
googlenet,implicit precomp gemm,296,inception3b.branch1.conv,256,128,1,1,0,1.0000943958759307,0.008112266489803094,1.8173392204247751
googlenet,implicit precomp gemm,296,inception3b.branch2.0.conv,256,128,1,1,0,0.9763119995594025,0.008119554190182211,1.7741226183120735
googlenet,implicit precomp gemm,296,inception3b.branch2.1.conv,128,192,3,1,1,1.0054528057575225,0.0065926540303125,1.8270763497168547
googlenet,implicit precomp gemm,296,inception3b.branch3.0.conv,256,32,1,1,0,0.6424367994070053,0.008640145940891604,1.1674153930079165
googlenet,implicit precomp gemm,296,inception3b.branch3.1.conv,32,96,3,1,1,0.46302400082349776,0.00649241696835567,0.8413922527358375
googlenet,implicit precomp gemm,296,inception3b.branch4.1.conv,256,64,1,1,0,0.6916175961494446,0.0054470691260867805,1.2567851476834162
googlenet,implicit precomp gemm,296,inception4a.branch1.conv,480,192,1,1,0,0.775303989648819,0.008967869864793043,1.40885735781625
googlenet,implicit precomp gemm,296,inception4a.branch2.0.conv,480,96,1,1,0,0.5090704008936882,0.0073711501051624655,0.9250662830593794
googlenet,implicit precomp gemm,296,inception4a.branch2.1.conv,96,208,3,1,1,0.6265216052532196,0.00725334118804646,1.1384948164547228
googlenet,implicit precomp gemm,296,inception4a.branch3.0.conv,480,16,1,1,0,0.36828160136938093,0.005613003635876752,0.6692294258315685
googlenet,implicit precomp gemm,296,inception4a.branch3.1.conv,16,48,3,1,1,0.2049535982310772,0.005885466089729422,0.3724350560991706
googlenet,implicit precomp gemm,296,inception4a.branch4.1.conv,480,64,1,1,0,0.48801759630441666,0.005189669889468176,0.8868098068329411
googlenet,implicit precomp gemm,296,inception4b.branch1.conv,512,160,1,1,0,0.7192511975765228,0.008919214468354753,1.3070000352801319
googlenet,implicit precomp gemm,296,inception4b.branch2.0.conv,512,112,1,1,0,0.6871007949113845,0.007239548684915665,1.2485773624237055
googlenet,implicit precomp gemm,296,inception4b.branch2.1.conv,112,224,3,1,1,0.6677471965551376,0.005806931543269502,1.2134086288579597
googlenet,implicit precomp gemm,296,inception4b.branch3.0.conv,512,24,1,1,0,0.37244160324335096,0.006328101984707543,0.6767888468160095
googlenet,implicit precomp gemm,296,inception4b.branch3.1.conv,24,64,3,1,1,0.21369120180606843,0.0045400807293732425,0.38831274697998747
googlenet,implicit precomp gemm,296,inception4b.branch4.1.conv,512,64,1,1,0,0.4952351987361908,0.008161605303469488,0.8999254007516613
googlenet,implicit precomp gemm,296,inception4c.branch1.conv,512,128,1,1,0,0.6993360012769699,0.007337899156529367,1.2708107840785627
googlenet,implicit precomp gemm,296,inception4c.branch2.0.conv,512,128,1,1,0,0.6949312001466751,0.008368595725473367,1.262806521795656
googlenet,implicit precomp gemm,296,inception4c.branch2.1.conv,128,256,3,1,1,0.6987311989068985,0.005328769409456094,1.269711756754473
googlenet,implicit precomp gemm,296,inception4c.branch3.0.conv,512,24,1,1,0,0.3758864000439644,0.005981574937746762,0.6830486202513615
googlenet,implicit precomp gemm,296,inception4c.branch3.1.conv,24,64,3,1,1,0.220211198925972,0.0049297279076320295,0.400160675067495
googlenet,implicit precomp gemm,296,inception4c.branch4.1.conv,512,64,1,1,0,0.4988575980067253,0.006782214562645748,0.9065079076565365
googlenet,implicit precomp gemm,296,inception4d.branch1.conv,512,112,1,1,0,0.6976048052310944,0.008021703917187808,1.2676649105636346
googlenet,implicit precomp gemm,296,inception4d.branch2.0.conv,512,144,1,1,0,0.7038655936717987,0.012604339500903308,1.2790418130150365
googlenet,implicit precomp gemm,296,inception4d.branch2.1.conv,144,288,3,1,1,0.7310800015926361,0.007278433232755259,1.32849495571749
googlenet,implicit precomp gemm,296,inception4d.branch3.0.conv,512,32,1,1,0,0.37924479842185976,0.00797648848545031,0.6891513932647175
googlenet,implicit precomp gemm,296,inception4d.branch3.1.conv,32,64,3,1,1,0.336353600025177,0.007338486432418121,0.6112108934691544
googlenet,implicit precomp gemm,296,inception4d.branch4.1.conv,512,64,1,1,0,0.4988976031541824,0.007886169643540712,0.9065806037178209
googlenet,implicit precomp gemm,296,inception4e.branch1.conv,528,256,1,1,0,0.6650495916604996,0.007639733390487121,1.2085066284103503
googlenet,implicit precomp gemm,296,inception4e.branch2.0.conv,528,160,1,1,0,0.7164864003658294,0.00778281487055106,1.3019759351269526
googlenet,implicit precomp gemm,296,inception4e.branch2.1.conv,160,320,3,1,1,0.9343712002038955,0.00839479337254216,1.697909152944166
googlenet,implicit precomp gemm,296,inception4e.branch3.0.conv,528,32,1,1,0,0.39330079704523085,0.006398785874037904,0.7146934997756892
googlenet,implicit precomp gemm,296,inception4e.branch3.1.conv,32,128,3,1,1,0.3602272003889084,0.0045548829280706,0.6545932286293832
googlenet,implicit precomp gemm,296,inception4e.branch4.1.conv,528,128,1,1,0,0.7257936060428619,0.007972501942308006,1.3188886885422109
googlenet,implicit precomp gemm,296,inception5a.branch1.conv,832,256,1,1,0,0.7283311933279037,0.006309641753207286,1.323499910160265
googlenet,implicit precomp gemm,296,inception5a.branch2.0.conv,832,160,1,1,0,0.47468639761209486,0.005806715267530568,0.8625847833364217
googlenet,implicit precomp gemm,296,inception5a.branch2.1.conv,160,320,3,1,1,0.7124079972505569,0.007860802987993696,1.2945647927701398
googlenet,implicit precomp gemm,296,inception5a.branch3.0.conv,832,32,1,1,0,0.44455200284719465,0.011575237245287848,0.8078255348936275
googlenet,implicit precomp gemm,296,inception5a.branch3.1.conv,32,128,3,1,1,0.31473759561777115,0.006016827470498377,0.571930988731715
googlenet,implicit precomp gemm,296,inception5a.branch4.1.conv,832,128,1,1,0,0.4557695984840393,0.006478712677712524,0.8282097872139783
googlenet,implicit precomp gemm,296,inception5b.branch1.conv,832,384,1,1,0,0.7476031988859176,0.00626562438631841,1.358520375929546
googlenet,implicit precomp gemm,296,inception5b.branch2.0.conv,832,192,1,1,0,0.4867456004023552,0.010035099738847048,0.8844983769813509
googlenet,implicit precomp gemm,296,inception5b.branch2.1.conv,192,384,3,1,1,0.9879888027906418,0.010791185587349404,1.7953413278347163
googlenet,implicit precomp gemm,296,inception5b.branch3.0.conv,832,48,1,1,0,0.44121440052986144,0.007560162743440092,0.8017605518095481
googlenet,implicit precomp gemm,296,inception5b.branch3.1.conv,48,128,3,1,1,0.31041439473628996,0.006529766190089633,0.5640750077842271
googlenet,implicit precomp gemm,296,inception5b.branch4.1.conv,832,128,1,1,0,0.4476223990321159,0.006837046964005537,0.8134049596280427
googlenet,implicit precomp gemm,299,conv1.conv,3,64,7,2,3,1.3319632053375243,0.023327108391801004,2.402104687723698
googlenet,implicit precomp gemm,299,conv2.conv,64,64,1,1,0,1.0701119899749756,0.01716909200016303,1.9298739013266095
googlenet,implicit precomp gemm,299,conv3.conv,64,192,3,1,1,1.57947838306427,0.01883225607487185,2.8484814091808928
googlenet,implicit precomp gemm,299,inception3a.branch1.conv,192,64,1,1,0,0.49682719856500623,0.004376380743886147,0.8959939267685809
googlenet,implicit precomp gemm,299,inception3a.branch2.0.conv,192,96,1,1,0,0.7979759991168975,0.007779583022501852,1.4390952246191901
googlenet,implicit precomp gemm,299,inception3a.branch2.1.conv,96,128,3,1,1,0.7096064031124115,0.008418741255324541,1.2797266925426345
googlenet,implicit precomp gemm,299,inception3a.branch3.0.conv,192,16,1,1,0,0.4150703981518745,0.005986269741296527,0.7485511199863102
googlenet,implicit precomp gemm,299,inception3a.branch3.1.conv,16,32,3,1,1,0.23425599932670593,0.0048873587946064645,0.4224646986156706
googlenet,implicit precomp gemm,299,inception3a.branch4.1.conv,192,32,1,1,0,0.4461168020963669,0.009140002610059617,0.8045411894966242
googlenet,implicit precomp gemm,299,inception3b.branch1.conv,256,128,1,1,0,1.000535997748375,0.008716018252232399,1.804398350342306
googlenet,implicit precomp gemm,299,inception3b.branch2.0.conv,256,128,1,1,0,0.9746880054473877,0.009414653923536674,1.7577832612575335
googlenet,implicit precomp gemm,299,inception3b.branch2.1.conv,128,192,3,1,1,1.0015663981437684,0.006501801355640831,1.8062566070945105
googlenet,implicit precomp gemm,299,inception3b.branch3.0.conv,256,32,1,1,0,0.6445599973201752,0.007807155320440079,1.1624199413899141
googlenet,implicit precomp gemm,299,inception3b.branch3.1.conv,32,96,3,1,1,0.46707040071487427,0.005362356886634142,0.8423295737886984
googlenet,implicit precomp gemm,299,inception3b.branch4.1.conv,256,64,1,1,0,0.6890160024166108,0.0068333027459060135,1.2425933109031928
googlenet,implicit precomp gemm,299,inception4a.branch1.conv,480,192,1,1,0,0.7777952045202255,0.010188316223338796,1.4027005396095762
googlenet,implicit precomp gemm,299,inception4a.branch2.0.conv,480,96,1,1,0,0.511940798163414,0.007418635592080283,0.9232502716122168
googlenet,implicit precomp gemm,299,inception4a.branch2.1.conv,96,208,3,1,1,0.6315456032752991,0.007477609619277789,1.1389493704178288
googlenet,implicit precomp gemm,299,inception4a.branch3.0.conv,480,16,1,1,0,0.3675088003277779,0.006996075638980628,0.6627770260540826
googlenet,implicit precomp gemm,299,inception4a.branch3.1.conv,16,48,3,1,1,0.2011487990617752,0.003603432616547513,0.3627581236629151
googlenet,implicit precomp gemm,299,inception4a.branch4.1.conv,480,64,1,1,0,0.4963712066411972,0.00841541617818245,0.8951715764713982
googlenet,implicit precomp gemm,299,inception4b.branch1.conv,512,160,1,1,0,0.7189024001359939,0.006452307076312842,1.296491388397543
googlenet,implicit precomp gemm,299,inception4b.branch2.0.conv,512,112,1,1,0,0.8436223924160003,0.6675095276425489,1.5214153779703252
googlenet,implicit precomp gemm,299,inception4b.branch2.1.conv,112,224,3,1,1,0.6666383981704712,0.00492083802854939,1.2022368296999029
googlenet,implicit precomp gemm,299,inception4b.branch3.0.conv,512,24,1,1,0,0.3744192004203796,0.006512921949486484,0.6752394607444453
googlenet,implicit precomp gemm,299,inception4b.branch3.1.conv,24,64,3,1,1,0.22028639912605286,0.0060550077236346716,0.3972714785678905
googlenet,implicit precomp gemm,299,inception4b.branch4.1.conv,512,64,1,1,0,0.4967087984085083,0.00600107263134781,0.8957804001712911
googlenet,implicit precomp gemm,299,inception4c.branch1.conv,512,128,1,1,0,0.7024304002523423,0.005215205897137028,1.266785261397828
googlenet,implicit precomp gemm,299,inception4c.branch2.0.conv,512,128,1,1,0,0.6951535940170288,0.010831608834846554,1.253662038249127
googlenet,implicit precomp gemm,299,inception4c.branch2.1.conv,128,256,3,1,1,0.6990656107664108,0.00568829626008494,1.2607170933245884
googlenet,implicit precomp gemm,299,inception4c.branch3.0.conv,512,24,1,1,0,0.372366401553154,0.006803409513328339,0.6715373781627668
googlenet,implicit precomp gemm,299,inception4c.branch3.1.conv,24,64,3,1,1,0.22124320045113563,0.006116698669307538,0.39899700442250247
googlenet,implicit precomp gemm,299,inception4c.branch4.1.conv,512,64,1,1,0,0.5011024042963982,0.010963798757970473,0.9037039683727387
googlenet,implicit precomp gemm,299,inception4d.branch1.conv,512,112,1,1,0,0.7001392006874084,0.006877803465050282,1.2626532394370238
googlenet,implicit precomp gemm,299,inception4d.branch2.0.conv,512,144,1,1,0,0.6982911884784698,0.007859295592821426,1.2593204756097098
googlenet,implicit precomp gemm,299,inception4d.branch2.1.conv,144,288,3,1,1,0.7277280002832412,0.008095718419249864,1.3124077556070304
googlenet,implicit precomp gemm,299,inception4d.branch3.0.conv,512,32,1,1,0,0.3823199987411499,0.006547574374810902,0.6894880110099705
googlenet,implicit precomp gemm,299,inception4d.branch3.1.conv,32,64,3,1,1,0.3356688007712364,0.004513084123045766,0.6053557610481115
googlenet,implicit precomp gemm,299,inception4d.branch4.1.conv,512,64,1,1,0,0.5012399971485137,0.007328231868110397,0.9039521076860019
googlenet,implicit precomp gemm,299,inception4e.branch1.conv,528,256,1,1,0,0.6702000051736832,0.007196095169235133,1.2086599447258748
googlenet,implicit precomp gemm,299,inception4e.branch2.0.conv,528,160,1,1,0,0.7203408002853393,0.011863868767190455,1.2990854448457387
googlenet,implicit precomp gemm,299,inception4e.branch2.1.conv,160,320,3,1,1,0.9256271928548813,0.006526943398504517,1.6693054358643538
googlenet,implicit precomp gemm,299,inception4e.branch3.0.conv,528,32,1,1,0,0.3908720001578331,0.006518063832188528,0.7049109615915735
googlenet,implicit precomp gemm,299,inception4e.branch3.1.conv,32,128,3,1,1,0.35760639905929564,0.008839378539090174,0.6449187215518087
googlenet,implicit precomp gemm,299,inception4e.branch4.1.conv,528,128,1,1,0,0.7261952012777328,0.007629410947093658,1.3096434572677704
googlenet,implicit precomp gemm,299,inception5a.branch1.conv,832,256,1,1,0,0.7296943992376328,0.008895391630881742,1.3159540218457302
googlenet,implicit precomp gemm,299,inception5a.branch2.0.conv,832,160,1,1,0,0.47467199712991714,0.008262985330709953,0.8560385338482455
googlenet,implicit precomp gemm,299,inception5a.branch2.1.conv,160,320,3,1,1,0.7103328019380569,0.007141058305700499,1.2810367032225447
googlenet,implicit precomp gemm,299,inception5a.branch3.0.conv,832,32,1,1,0,0.442467200756073,0.009105490116314122,0.7979593826924182
googlenet,implicit precomp gemm,299,inception5a.branch3.1.conv,32,128,3,1,1,0.31452959924936297,0.006258866465292059,0.5672326545937101
googlenet,implicit precomp gemm,299,inception5a.branch4.1.conv,832,128,1,1,0,0.4565424010157585,0.00574258144722084,0.8233430452357635
googlenet,implicit precomp gemm,299,inception5b.branch1.conv,832,384,1,1,0,0.7497200042009353,0.00692120399743135,1.3520688329486859
googlenet,implicit precomp gemm,299,inception5b.branch2.0.conv,832,192,1,1,0,0.49287999868392945,0.011513202524100846,0.8888754213175882
googlenet,implicit precomp gemm,299,inception5b.branch2.1.conv,192,384,3,1,1,0.9857919961214066,0.008673116615385274,1.7778085502021646
googlenet,implicit precomp gemm,299,inception5b.branch3.0.conv,832,48,1,1,0,0.4384895980358124,0.00824188814191785,0.790786047797015
googlenet,implicit precomp gemm,299,inception5b.branch3.1.conv,48,128,3,1,1,0.3078143984079361,0.0064599073718558464,0.5551222484236613
googlenet,implicit precomp gemm,299,inception5b.branch4.1.conv,832,128,1,1,0,0.44857119768857956,0.008306259795683892,0.8089675243487859
googlenet,implicit precomp gemm,302,conv1.conv,3,64,7,2,3,1.3523600041866302,0.014834056508092223,2.433971470851138
googlenet,implicit precomp gemm,302,conv2.conv,64,64,1,1,0,1.0755120038986206,0.020155241736538678,1.9357016814628603
googlenet,implicit precomp gemm,302,conv3.conv,64,192,3,1,1,1.5672591984272004,0.04302918469229085,2.8207460769258246
googlenet,implicit precomp gemm,302,inception3a.branch1.conv,192,64,1,1,0,0.4999856039881706,0.004702687225115654,0.8998718478630332
googlenet,implicit precomp gemm,302,inception3a.branch2.0.conv,192,96,1,1,0,0.7929951965808868,0.00600729735743909,1.4272291986043566
googlenet,implicit precomp gemm,302,inception3a.branch2.1.conv,96,128,3,1,1,0.7134799987077713,0.010295099493868125,1.2841181020597288
googlenet,implicit precomp gemm,302,inception3a.branch3.0.conv,192,16,1,1,0,0.4129936024546623,0.006629788006801591,0.7433040336202975
googlenet,implicit precomp gemm,302,inception3a.branch3.1.conv,16,32,3,1,1,0.23663359954953195,0.00877699988970924,0.4258920912814049
googlenet,implicit precomp gemm,302,inception3a.branch4.1.conv,192,32,1,1,0,0.44471840411424635,0.006571965992174211,0.8004021893767451
googlenet,implicit precomp gemm,302,inception3b.branch1.conv,256,128,1,1,0,1.001791998744011,0.006490576854413742,1.8030207467843478
googlenet,implicit precomp gemm,302,inception3b.branch2.0.conv,256,128,1,1,0,0.9747647970914841,0.007771514820277819,1.754377310454126
googlenet,implicit precomp gemm,302,inception3b.branch2.1.conv,128,192,3,1,1,1.0040752053260804,0.00751919259577797,1.8071300517516735
googlenet,implicit precomp gemm,302,inception3b.branch3.0.conv,256,32,1,1,0,0.6402288019657135,0.007184864441904534,1.1522809266597471
googlenet,implicit precomp gemm,302,inception3b.branch3.1.conv,32,96,3,1,1,0.46488319933414457,0.005352770301106798,0.8366946973841133
googlenet,implicit precomp gemm,302,inception3b.branch4.1.conv,256,64,1,1,0,0.6931232035160064,0.006914072813629237,1.2474800333640224
googlenet,implicit precomp gemm,302,inception4a.branch1.conv,480,192,1,1,0,0.7679567933082581,0.005534116836548047,1.3821651926794714
googlenet,implicit precomp gemm,302,inception4a.branch2.0.conv,480,96,1,1,0,0.5094464048743248,0.010786166686592782,0.9168993548707935
googlenet,implicit precomp gemm,302,inception4a.branch2.1.conv,96,208,3,1,1,0.6238415956497192,0.006783498188493057,1.1227873062209566
googlenet,implicit precomp gemm,302,inception4a.branch3.0.conv,480,16,1,1,0,0.36479839980602263,0.0048151705311815975,0.6565625240255716
googlenet,implicit precomp gemm,302,inception4a.branch3.1.conv,16,48,3,1,1,0.20188479870557785,0.0063640647290947065,0.3633513553541095
googlenet,implicit precomp gemm,302,inception4a.branch4.1.conv,480,64,1,1,0,0.48989120274782183,0.005588944347843889,0.8817039897791864
googlenet,implicit precomp gemm,302,inception4b.branch1.conv,512,160,1,1,0,0.7179296016693115,0.007959505920301105,1.2921264775155803
googlenet,implicit precomp gemm,302,inception4b.branch2.0.conv,512,112,1,1,0,0.6843903958797455,0.006613186855046198,1.2317627653427206
googlenet,implicit precomp gemm,302,inception4b.branch2.1.conv,112,224,3,1,1,0.6660080105066299,0.0052523383484796545,1.1986782305843415
googlenet,implicit precomp gemm,302,inception4b.branch3.0.conv,512,24,1,1,0,0.37089760005474093,0.006698164836510219,0.6675398372812361
googlenet,implicit precomp gemm,302,inception4b.branch3.1.conv,24,64,3,1,1,0.21709280088543892,0.004291236978211453,0.3907226494768507
googlenet,implicit precomp gemm,302,inception4b.branch4.1.conv,512,64,1,1,0,0.49612959921360017,0.009416059917806542,0.8929318277620877
googlenet,implicit precomp gemm,302,inception4c.branch1.conv,512,128,1,1,0,0.6998528003692627,0.006747174194154288,1.259591931601509
googlenet,implicit precomp gemm,302,inception4c.branch2.0.conv,512,128,1,1,0,0.6948816061019898,0.009789725767217478,1.2506447984526856
googlenet,implicit precomp gemm,302,inception4c.branch2.1.conv,128,256,3,1,1,0.7010447978973389,0.004995579315389541,1.261737283407005
googlenet,implicit precomp gemm,302,inception4c.branch3.0.conv,512,24,1,1,0,0.37307519763708114,0.007653536740264509,0.6714590676444545
googlenet,implicit precomp gemm,302,inception4c.branch3.1.conv,24,64,3,1,1,0.21618079990148545,0.005358467620801281,0.38908123419581686
googlenet,implicit precomp gemm,302,inception4c.branch4.1.conv,512,64,1,1,0,0.4979327991604805,0.010200008350771159,0.8961772189399985
googlenet,implicit precomp gemm,302,inception4d.branch1.conv,512,112,1,1,0,0.6981279969215393,0.007097357166816387,1.25648763809121
googlenet,implicit precomp gemm,302,inception4d.branch2.0.conv,512,144,1,1,0,0.7012896001338959,0.008329700872240236,1.26217787737454
googlenet,implicit precomp gemm,302,inception4d.branch2.1.conv,144,288,3,1,1,0.7370991945266724,0.010268964931999329,1.3266278247738577
googlenet,implicit precomp gemm,302,inception4d.branch3.0.conv,512,32,1,1,0,0.3788719981908798,0.010246983930481676,0.68189212328532
googlenet,implicit precomp gemm,302,inception4d.branch3.1.conv,32,64,3,1,1,0.3320367977023125,0.005793165692165781,0.5975983394793369
googlenet,implicit precomp gemm,302,inception4d.branch4.1.conv,512,64,1,1,0,0.504716794192791,0.010486464225149775,0.9083870227761973
googlenet,implicit precomp gemm,302,inception4e.branch1.conv,528,256,1,1,0,0.6703312009572983,0.009682858441940456,1.206459089370025
googlenet,implicit precomp gemm,302,inception4e.branch2.0.conv,528,160,1,1,0,0.7207695960998535,0.006047113044385543,1.297237886755661
googlenet,implicit precomp gemm,302,inception4e.branch2.1.conv,160,320,3,1,1,0.9286239981651306,0.009008996265583432,1.6713333074657586
googlenet,implicit precomp gemm,302,inception4e.branch3.0.conv,528,32,1,1,0,0.3898336037993431,0.006773629662078316,0.7016207719019051
googlenet,implicit precomp gemm,302,inception4e.branch3.1.conv,32,128,3,1,1,0.359571199119091,0.005466048791838121,0.6471546316707122
googlenet,implicit precomp gemm,302,inception4e.branch4.1.conv,528,128,1,1,0,0.7227200031280517,0.008216248335307505,1.3007482205783751
googlenet,implicit precomp gemm,302,inception5a.branch1.conv,832,256,1,1,0,0.7225119978189468,0.010345481100657328,1.3003738535558518
googlenet,implicit precomp gemm,302,inception5a.branch2.0.conv,832,160,1,1,0,0.4773279994726181,0.011746790170638012,0.8590927928643969
googlenet,implicit precomp gemm,302,inception5a.branch2.1.conv,160,320,3,1,1,0.7199119985103607,0.008785723420482151,1.2956943864600046
googlenet,implicit precomp gemm,302,inception5a.branch3.0.conv,832,32,1,1,0,0.4424528002738953,0.011479670521138628,0.7963245657450244
googlenet,implicit precomp gemm,302,inception5a.branch3.1.conv,32,128,3,1,1,0.3147471994161606,0.007719550706536381,0.5664805980194505
googlenet,implicit precomp gemm,302,inception5a.branch4.1.conv,832,128,1,1,0,0.4587472006678581,0.0090593094231888,0.8256511545015327
googlenet,implicit precomp gemm,302,inception5b.branch1.conv,832,384,1,1,0,0.7510607957839965,0.008976957654317913,1.3517558521057251
googlenet,implicit precomp gemm,302,inception5b.branch2.0.conv,832,192,1,1,0,0.4898975983262062,0.01155799084688957,0.8817155005124816
googlenet,implicit precomp gemm,302,inception5b.branch2.1.conv,192,384,3,1,1,0.9880016028881073,0.0049535810442221774,1.7782008541661831
googlenet,implicit precomp gemm,302,inception5b.branch3.0.conv,832,48,1,1,0,0.44090560227632525,0.009178720237030565,0.7935399257274366
googlenet,implicit precomp gemm,302,inception5b.branch3.1.conv,48,128,3,1,1,0.3094912007451057,0.0072815047416196765,0.5570208751819112
googlenet,implicit precomp gemm,302,inception5b.branch4.1.conv,832,128,1,1,0,0.45199520140886307,0.007715109558938678,0.8134989365146614
googlenet,implicit precomp gemm,305,conv1.conv,3,64,7,2,3,1.351550394296646,0.01925741773138713,2.3438858508323164
googlenet,implicit precomp gemm,305,conv2.conv,64,64,1,1,0,0.8725775927305222,0.014954112055089395,1.5132415942349964
googlenet,implicit precomp gemm,305,conv3.conv,64,192,3,1,1,1.667432004213333,0.018500895039370392,2.8916940858387212
googlenet,implicit precomp gemm,305,inception3a.branch1.conv,192,64,1,1,0,0.5069167971611023,0.004826444507952797,0.8791052952438856
googlenet,implicit precomp gemm,305,inception3a.branch2.0.conv,192,96,1,1,0,0.8060960024595261,0.005228372519721753,1.397947884555668
googlenet,implicit precomp gemm,305,inception3a.branch2.1.conv,96,128,3,1,1,0.7194384008646011,0.01829483896336143,1.2476645306366965
googlenet,implicit precomp gemm,305,inception3a.branch3.0.conv,192,16,1,1,0,0.4237520009279251,0.006859785886384428,0.7348792345650763
googlenet,implicit precomp gemm,305,inception3a.branch3.1.conv,16,32,3,1,1,0.23622720018029214,0.005170005010483993,0.4096699571253967
googlenet,implicit precomp gemm,305,inception3a.branch4.1.conv,192,32,1,1,0,0.451180799305439,0.006049458398766203,0.7824468078451271
googlenet,implicit precomp gemm,305,inception3b.branch1.conv,256,128,1,1,0,1.003622403740883,0.014161185092809232,1.7405021386056148
googlenet,implicit precomp gemm,305,inception3b.branch2.0.conv,256,128,1,1,0,0.9627152025699616,0.016452170750969955,1.6695600483762885
googlenet,implicit precomp gemm,305,inception3b.branch2.1.conv,128,192,3,1,1,1.0143024027347565,0.008708317232941715,1.7590236074567045
googlenet,implicit precomp gemm,305,inception3b.branch3.0.conv,256,32,1,1,0,0.6517279922962189,0.010509394677186904,1.1302397795750851
googlenet,implicit precomp gemm,305,inception3b.branch3.1.conv,32,96,3,1,1,0.4615536019206047,0.00946179162890704,0.8004355305636874
googlenet,implicit precomp gemm,305,inception3b.branch4.1.conv,256,64,1,1,0,0.7081072002649307,0.007660367509317867,1.2280137348760756
googlenet,implicit precomp gemm,305,inception4a.branch1.conv,480,192,1,1,0,0.7692495912313462,0.006665636145667593,1.3340480978395213
googlenet,implicit precomp gemm,305,inception4a.branch2.0.conv,480,96,1,1,0,0.701614397764206,0.008334569554839981,1.2167537863178
googlenet,implicit precomp gemm,305,inception4a.branch2.1.conv,96,208,3,1,1,0.6534336030483245,0.010843412712164633,1.1331976840126539
googlenet,implicit precomp gemm,305,inception4a.branch3.0.conv,480,16,1,1,0,0.3768016010522842,0.006301861563947776,0.6534569077145095
googlenet,implicit precomp gemm,305,inception4a.branch3.1.conv,16,48,3,1,1,0.20526239797472953,0.005662152757846479,0.3559701749569268
googlenet,implicit precomp gemm,305,inception4a.branch4.1.conv,480,64,1,1,0,0.5108912020921708,0.008140651790908598,0.8859977881340656
googlenet,implicit precomp gemm,305,inception4b.branch1.conv,512,160,1,1,0,0.7350671947002411,0.009915511769069277,1.2747682989397608
googlenet,implicit precomp gemm,305,inception4b.branch2.0.conv,512,112,1,1,0,0.6985711991786957,0.007615013608216174,1.211476210183051
googlenet,implicit precomp gemm,305,inception4b.branch2.1.conv,112,224,3,1,1,0.6748431950807572,0.005909610353051015,1.170326628703633
googlenet,implicit precomp gemm,305,inception4b.branch3.0.conv,512,24,1,1,0,0.38232319951057436,0.007221647884272765,0.6630325747077472
googlenet,implicit precomp gemm,305,inception4b.branch3.1.conv,24,64,3,1,1,0.22493599876761436,0.004244855850508281,0.3900885287585721
googlenet,implicit precomp gemm,305,inception4b.branch4.1.conv,512,64,1,1,0,0.5125248044729233,0.00786996311976558,0.8888308142071514
googlenet,implicit precomp gemm,305,inception4c.branch1.conv,512,128,1,1,0,0.7145888030529022,0.009555374690134438,1.2392542606674557
googlenet,implicit precomp gemm,305,inception4c.branch2.0.conv,512,128,1,1,0,0.7083199888467788,0.007068701678121927,1.2283827571103312
googlenet,implicit precomp gemm,305,inception4c.branch2.1.conv,128,256,3,1,1,0.7088111937046051,0.006490113639777822,1.2292346144446766
googlenet,implicit precomp gemm,305,inception4c.branch3.0.conv,512,24,1,1,0,0.3796016022562981,0.00802599749312631,0.658312726063641
googlenet,implicit precomp gemm,305,inception4c.branch3.1.conv,24,64,3,1,1,0.22274399921298027,0.006565881778550171,0.3862871190865256
googlenet,implicit precomp gemm,305,inception4c.branch4.1.conv,512,64,1,1,0,0.5122175961732864,0.007831314532270562,0.8882980474011074
googlenet,implicit precomp gemm,305,inception4d.branch1.conv,512,112,1,1,0,0.7072703957557678,0.005619831809975854,1.226562531682161
googlenet,implicit precomp gemm,305,inception4d.branch2.0.conv,512,144,1,1,0,0.7115999966859817,0.00719699422471931,1.2340710126111019
googlenet,implicit precomp gemm,305,inception4d.branch2.1.conv,144,288,3,1,1,0.9029904037714005,0.010161323601225526,1.5659841022343732
googlenet,implicit precomp gemm,305,inception4d.branch3.0.conv,512,32,1,1,0,0.39685599952936174,0.006502796972653388,0.6882356485115456
googlenet,implicit precomp gemm,305,inception4d.branch3.1.conv,32,64,3,1,1,0.3470880001783371,0.00603002819154169,0.6019269840360312
googlenet,implicit precomp gemm,305,inception4d.branch4.1.conv,512,64,1,1,0,0.5173744022846222,0.006966467504094545,0.897241084176392
googlenet,implicit precomp gemm,305,inception4e.branch1.conv,528,256,1,1,0,0.6878447979688644,0.008205105799845305,1.1928742696766759
googlenet,implicit precomp gemm,305,inception4e.branch2.0.conv,528,160,1,1,0,0.788660803437233,0.008076647250077168,1.3677114120813545
googlenet,implicit precomp gemm,305,inception4e.branch2.1.conv,160,320,3,1,1,0.9669439971446991,0.005892752146803063,1.676893708898035
googlenet,implicit precomp gemm,305,inception4e.branch3.0.conv,528,32,1,1,0,0.4007408007979393,0.006150028929541694,0.694972748929805
googlenet,implicit precomp gemm,305,inception4e.branch3.1.conv,32,128,3,1,1,0.36593599766492846,0.007549771506247356,0.6346135599948468
googlenet,implicit precomp gemm,305,inception4e.branch4.1.conv,528,128,1,1,0,0.7401488035917282,0.006787646624314784,1.2835809271854275
googlenet,implicit precomp gemm,305,inception5a.branch1.conv,832,256,1,1,0,0.7530128002166748,0.007654967829239345,1.3058899286119399
googlenet,implicit precomp gemm,305,inception5a.branch2.0.conv,832,160,1,1,0,0.5006992042064666,0.00396237718048959,0.8683226206102925
googlenet,implicit precomp gemm,305,inception5a.branch2.1.conv,160,320,3,1,1,0.7215104013681412,0.007861184366758351,1.2512578355431645
googlenet,implicit precomp gemm,305,inception5a.branch3.0.conv,832,32,1,1,0,0.4511295974254608,0.00884449532071682,0.7823580125160566
googlenet,implicit precomp gemm,305,inception5a.branch3.1.conv,32,128,3,1,1,0.31436160057783125,0.003997629530600674,0.5451722042690298
googlenet,implicit precomp gemm,305,inception5a.branch4.1.conv,832,128,1,1,0,0.49015839844942094,0.007524634439439989,0.8500425434673544
googlenet,implicit precomp gemm,305,inception5b.branch1.conv,832,384,1,1,0,0.7642671972513199,0.007410255729531022,1.3254075300868604
googlenet,implicit precomp gemm,305,inception5b.branch2.0.conv,832,192,1,1,0,0.705350399017334,0.010153501348229592,1.2232328347593902
googlenet,implicit precomp gemm,305,inception5b.branch2.1.conv,192,384,3,1,1,0.9742847949266433,0.010846240757276342,1.6896242679119846
googlenet,implicit precomp gemm,305,inception5b.branch3.0.conv,832,48,1,1,0,0.4518687978386879,0.01081805609561051,0.7836399487256155
googlenet,implicit precomp gemm,305,inception5b.branch3.1.conv,48,128,3,1,1,0.31589760035276415,0.006323677378655043,0.5478359659419494
googlenet,implicit precomp gemm,305,inception5b.branch4.1.conv,832,128,1,1,0,0.4848399981856346,0.009169202038936782,0.8408192668659378
googlenet,implicit precomp gemm,308,conv1.conv,3,64,7,2,3,1.387777602672577,0.11868812322488763,2.39458341008574
googlenet,implicit precomp gemm,308,conv2.conv,64,64,1,1,0,0.92569600045681,0.05670418860143942,1.5972705433549081
googlenet,implicit precomp gemm,308,conv3.conv,64,192,3,1,1,1.6692735970020294,0.019420269038572927,2.880299303416763
googlenet,implicit precomp gemm,308,inception3a.branch1.conv,192,64,1,1,0,0.5084672093391418,0.005590906995426481,0.8773503346006708
googlenet,implicit precomp gemm,308,inception3a.branch2.0.conv,192,96,1,1,0,0.8015823990106583,0.0072179009075770155,1.3831149247481511
googlenet,implicit precomp gemm,308,inception3a.branch2.1.conv,96,128,3,1,1,0.7152240008115769,0.01020334954994749,1.2341051790577329
googlenet,implicit precomp gemm,308,inception3a.branch3.0.conv,192,16,1,1,0,0.4253984004259109,0.006534670855153554,0.7340167115935441
googlenet,implicit precomp gemm,308,inception3a.branch3.1.conv,16,32,3,1,1,0.2375936008989811,0.005888875803301171,0.40996316265630345
googlenet,implicit precomp gemm,308,inception3a.branch4.1.conv,192,32,1,1,0,0.453371199965477,0.008655087379342957,0.7822832361304028
googlenet,implicit precomp gemm,308,inception3b.branch1.conv,256,128,1,1,0,1.0013296008110046,0.01507662016266134,1.7277748578102117
googlenet,implicit precomp gemm,308,inception3b.branch2.0.conv,256,128,1,1,0,0.9765664041042328,0.01728076092535922,1.6850464408790475
googlenet,implicit precomp gemm,308,inception3b.branch2.1.conv,128,192,3,1,1,1.0291120022535325,0.09289413598319377,1.775712854113439
googlenet,implicit precomp gemm,308,inception3b.branch3.0.conv,256,32,1,1,0,0.670444804430008,0.08228476161569319,1.1568395418506054
googlenet,implicit precomp gemm,308,inception3b.branch3.1.conv,32,96,3,1,1,0.4706208035349846,0.013031173006010784,0.8120470934361789
googlenet,implicit precomp gemm,308,inception3b.branch4.1.conv,256,64,1,1,0,0.7081856071949005,0.007552922219634198,1.221960567013491
googlenet,implicit precomp gemm,308,inception4a.branch1.conv,480,192,1,1,0,0.7670799970626831,0.008997245667046516,1.3235816975555343
googlenet,implicit precomp gemm,308,inception4a.branch2.0.conv,480,96,1,1,0,0.7055983990430832,0.01507275514165664,1.2174963893910467
googlenet,implicit precomp gemm,308,inception4a.branch2.1.conv,96,208,3,1,1,0.6540239989757538,0.008848941372619221,1.1285057596615298
googlenet,implicit precomp gemm,308,inception4a.branch3.0.conv,480,16,1,1,0,0.3766752019524574,0.006040973659946568,0.6499457750644053
googlenet,implicit precomp gemm,308,inception4a.branch3.1.conv,16,48,3,1,1,0.20607839971780778,0.005912969724305226,0.35558429260636143
googlenet,implicit precomp gemm,308,inception4a.branch4.1.conv,480,64,1,1,0,0.5119744032621384,0.006496468696444057,0.8834019298763027
googlenet,implicit precomp gemm,308,inception4b.branch1.conv,512,160,1,1,0,0.7377056002616882,0.014675995598013136,1.272896744054715
googlenet,implicit precomp gemm,308,inception4b.branch2.0.conv,512,112,1,1,0,0.6951488018035888,0.00684557917663068,1.1994658114774222
googlenet,implicit precomp gemm,308,inception4b.branch2.1.conv,112,224,3,1,1,0.6758848041296005,0.005424298254654647,1.1662261561081273
googlenet,implicit precomp gemm,308,inception4b.branch3.0.conv,512,24,1,1,0,0.38542400300502777,0.01106145754165027,0.6650416620554337
googlenet,implicit precomp gemm,308,inception4b.branch3.1.conv,24,64,3,1,1,0.22555839717388154,0.004221673052182662,0.389196651421632
googlenet,implicit precomp gemm,308,inception4b.branch4.1.conv,512,64,1,1,0,0.513092790544033,0.00866958223544399,0.8853316854986144
googlenet,implicit precomp gemm,308,inception4c.branch1.conv,512,128,1,1,0,0.7194544047117233,0.008178363839513673,1.2414046591601242
googlenet,implicit precomp gemm,308,inception4c.branch2.0.conv,512,128,1,1,0,0.7005040049552917,0.006390950141094981,1.208706110931752
googlenet,implicit precomp gemm,308,inception4c.branch2.1.conv,128,256,3,1,1,0.7090079993009567,0.005318877733429294,1.223379588685231
googlenet,implicit precomp gemm,308,inception4c.branch3.0.conv,512,24,1,1,0,0.3832240059971809,0.01097906279983393,0.6612456097722127
googlenet,implicit precomp gemm,308,inception4c.branch3.1.conv,24,64,3,1,1,0.22518879920244217,0.0061093789949812,0.38855891727092534
googlenet,implicit precomp gemm,308,inception4c.branch4.1.conv,512,64,1,1,0,0.5114992037415504,0.005790908926738897,0.8825819822951562
googlenet,implicit precomp gemm,308,inception4d.branch1.conv,512,112,1,1,0,0.7074719935655593,0.0056736258926867065,1.2207292404992565
googlenet,implicit precomp gemm,308,inception4d.branch2.0.conv,512,144,1,1,0,0.7081935971975326,0.008374605298166098,1.2219743536084846
googlenet,implicit precomp gemm,308,inception4d.branch2.1.conv,144,288,3,1,1,0.9007951974868774,0.010995747401789558,1.5543046894783328
googlenet,implicit precomp gemm,308,inception4d.branch3.0.conv,512,32,1,1,0,0.39517280012369155,0.0063797243088037515,0.6818630229159114
googlenet,implicit precomp gemm,308,inception4d.branch3.1.conv,32,64,3,1,1,0.34870880246162417,0.00792787788738784,0.601690293687841
googlenet,implicit precomp gemm,308,inception4d.branch4.1.conv,512,64,1,1,0,0.5213183999061585,0.008052016971822557,0.899524815347705
googlenet,implicit precomp gemm,308,inception4e.branch1.conv,528,256,1,1,0,0.6866287976503372,0.008518777988250022,1.184764709110625
googlenet,implicit precomp gemm,308,inception4e.branch2.0.conv,528,160,1,1,0,0.7816671997308731,0.01032989841397385,1.348751633604032
googlenet,implicit precomp gemm,308,inception4e.branch2.1.conv,160,320,3,1,1,0.967481604218483,0.005229690484762981,1.6693707944004827
googlenet,implicit precomp gemm,308,inception4e.branch3.0.conv,528,32,1,1,0,0.40127039700746536,0.007866545898963422,0.6923843083950518
googlenet,implicit precomp gemm,308,inception4e.branch3.1.conv,32,128,3,1,1,0.36607840061187746,0.005024535794434947,0.6316611993216781
googlenet,implicit precomp gemm,308,inception4e.branch4.1.conv,528,128,1,1,0,0.7399408012628556,0.008961434066628693,1.2767535401474714
googlenet,implicit precomp gemm,308,inception5a.branch1.conv,832,256,1,1,0,0.750192004442215,0.007396199813104745,1.294441792947804
googlenet,implicit precomp gemm,308,inception5a.branch2.0.conv,832,160,1,1,0,0.5027792021632195,0.007512908338649543,0.8675357882398691
googlenet,implicit precomp gemm,308,inception5a.branch2.1.conv,160,320,3,1,1,0.7177920043468475,0.006926749449421015,1.2385362194857947
googlenet,implicit precomp gemm,308,inception5a.branch3.0.conv,832,32,1,1,0,0.4514112025499344,0.005460654083790112,0.7789012985014695
googlenet,implicit precomp gemm,308,inception5a.branch3.1.conv,32,128,3,1,1,0.3180496022105217,0.006879036363634912,0.5487884366853917
googlenet,implicit precomp gemm,308,inception5a.branch4.1.conv,832,128,1,1,0,0.4894047975540161,0.005674406769729408,0.8444585117833988
googlenet,implicit precomp gemm,308,inception5b.branch1.conv,832,384,1,1,0,0.7641327947378158,0.00866143501518869,1.3184963569507413
googlenet,implicit precomp gemm,308,inception5b.branch2.0.conv,832,192,1,1,0,0.7011312007904053,0.009858209082821598,1.2097883252135975
googlenet,implicit precomp gemm,308,inception5b.branch2.1.conv,192,384,3,1,1,0.9989328026771546,0.10226615194238779,1.7236392289907316
googlenet,implicit precomp gemm,308,inception5b.branch3.0.conv,832,48,1,1,0,0.4506400004029274,0.006748059671456776,0.7775706041139185
googlenet,implicit precomp gemm,308,inception5b.branch3.1.conv,48,128,3,1,1,0.31568479537963867,0.008508452467421204,0.5447080082403839
googlenet,implicit precomp gemm,308,inception5b.branch4.1.conv,832,128,1,1,0,0.4827343985438347,0.009121579875017579,0.8329488673146652
googlenet,implicit precomp gemm,311,conv1.conv,3,64,7,2,3,1.397238403558731,0.00740374324602014,2.2052112093518796
googlenet,implicit precomp gemm,311,conv2.conv,64,64,1,1,0,0.9738031953573227,0.007696502860922717,1.5369186222159126
googlenet,implicit precomp gemm,311,conv3.conv,64,192,3,1,1,1.6907391905784608,0.0067292882889349905,2.6684329643802447
googlenet,implicit precomp gemm,311,inception3a.branch1.conv,192,64,1,1,0,0.5150256007909775,0.010411326869151387,0.8128464155256168
googlenet,implicit precomp gemm,311,inception3a.branch2.0.conv,192,96,1,1,0,0.808174404501915,0.012285309385429858,1.2755126479344518
googlenet,implicit precomp gemm,311,inception3a.branch2.1.conv,96,128,3,1,1,0.7351727932691574,0.006158749035107499,1.1602968257947202
googlenet,implicit precomp gemm,311,inception3a.branch3.0.conv,192,16,1,1,0,0.4305056020617485,0.005638572553502414,0.6794515359278431
googlenet,implicit precomp gemm,311,inception3a.branch3.1.conv,16,32,3,1,1,0.24279839992523194,0.006273755830722439,0.3831999977699699
googlenet,implicit precomp gemm,311,inception3a.branch4.1.conv,192,32,1,1,0,0.46288959980010985,0.008319214161224858,0.7305620369235014
googlenet,implicit precomp gemm,311,inception3b.branch1.conv,256,128,1,1,0,1.008643200993538,0.012749066042632262,1.5919053523023328
googlenet,implicit precomp gemm,311,inception3b.branch2.0.conv,256,128,1,1,0,0.9833936065435409,0.006399757383131899,1.5520548238807654
googlenet,implicit precomp gemm,311,inception3b.branch2.1.conv,128,192,3,1,1,1.0344720005989074,0.0071507759642408355,1.632670019426278
googlenet,implicit precomp gemm,311,inception3b.branch3.0.conv,256,32,1,1,0,0.6611695945262909,0.007749910838798241,1.0435002340462995
googlenet,implicit precomp gemm,311,inception3b.branch3.1.conv,32,96,3,1,1,0.47763520032167434,0.007696394101298213,0.7538344888371895
googlenet,implicit precomp gemm,311,inception3b.branch4.1.conv,256,64,1,1,0,0.7180671989917755,0.0064761387477198585,1.1332996804635926
googlenet,implicit precomp gemm,311,inception4a.branch1.conv,480,192,1,1,0,0.7667199969291687,0.007272977698847486,1.2100866447386993
googlenet,implicit precomp gemm,311,inception4a.branch2.0.conv,480,96,1,1,0,0.6991344004869461,0.008312790612155386,1.1034187242996965
googlenet,implicit precomp gemm,311,inception4a.branch2.1.conv,96,208,3,1,1,0.6486591935157776,0.005292294328894906,1.0237555172738397
googlenet,implicit precomp gemm,311,inception4a.branch3.0.conv,480,16,1,1,0,0.3781183987855911,0.009992186810469974,0.5967706937773992
googlenet,implicit precomp gemm,311,inception4a.branch3.1.conv,16,48,3,1,1,0.2070159986615181,0.005288303654523545,0.3267259184981058
googlenet,implicit precomp gemm,311,inception4a.branch4.1.conv,480,64,1,1,0,0.5103087961673737,0.008386769036967282,0.8054020521286464
googlenet,implicit precomp gemm,311,inception4b.branch1.conv,512,160,1,1,0,0.7411792039871216,0.010168552681705873,1.1697765281915982
googlenet,implicit precomp gemm,311,inception4b.branch2.0.conv,512,112,1,1,0,0.6960384041070938,0.006053191882043131,1.098532424364357
googlenet,implicit precomp gemm,311,inception4b.branch2.1.conv,112,224,3,1,1,0.6783024042844772,0.007726991231109234,1.0705403325937037
googlenet,implicit precomp gemm,311,inception4b.branch3.0.conv,512,24,1,1,0,0.3803647980093956,0.008263750197529769,0.6003161050231793
googlenet,implicit precomp gemm,311,inception4b.branch3.1.conv,24,64,3,1,1,0.2254015989601612,0.006125360003347566,0.3557432513784261
googlenet,implicit precomp gemm,311,inception4b.branch4.1.conv,512,64,1,1,0,0.5122688010334968,0.006393974693282685,0.8084954574416914
googlenet,implicit precomp gemm,311,inception4c.branch1.conv,512,128,1,1,0,0.7142320007085801,0.007997287925394867,1.1272467247026794
googlenet,implicit precomp gemm,311,inception4c.branch2.0.conv,512,128,1,1,0,0.7061264008283615,0.01000461573297629,1.1144539474151005
googlenet,implicit precomp gemm,311,inception4c.branch2.1.conv,128,256,3,1,1,0.7100943982601166,0.009213605073056783,1.1207164953044937
googlenet,implicit precomp gemm,311,inception4c.branch3.0.conv,512,24,1,1,0,0.3805168017745018,0.008726196016857805,0.60055600710848
googlenet,implicit precomp gemm,311,inception4c.branch3.1.conv,24,64,3,1,1,0.2232559971511364,0.005382384155444662,0.35235692507361216
googlenet,implicit precomp gemm,311,inception4c.branch4.1.conv,512,64,1,1,0,0.5095743983983994,0.006727979470005052,0.8042429784958718
googlenet,implicit precomp gemm,311,inception4d.branch1.conv,512,112,1,1,0,0.7080912053585052,0.006227390872293956,1.1175549278655539
googlenet,implicit precomp gemm,311,inception4d.branch2.0.conv,512,144,1,1,0,0.7073519885540008,0.008386401071302828,1.116388248522013
googlenet,implicit precomp gemm,311,inception4d.branch2.1.conv,144,288,3,1,1,0.8992016047239304,0.007945495516216887,1.4191776100298545
googlenet,implicit precomp gemm,311,inception4d.branch3.0.conv,512,32,1,1,0,0.3957183972001076,0.005621821181378364,0.6245481394083056
googlenet,implicit precomp gemm,311,inception4d.branch3.1.conv,32,64,3,1,1,0.3448272004723549,0.004550604157335418,0.5442283906842972
googlenet,implicit precomp gemm,311,inception4d.branch4.1.conv,512,64,1,1,0,0.5216751962900161,0.0075572197169117275,0.8233412333711524
googlenet,implicit precomp gemm,311,inception4e.branch1.conv,528,256,1,1,0,0.6881568014621735,0.007117732659311079,1.0860931738714077
googlenet,implicit precomp gemm,311,inception4e.branch2.0.conv,528,160,1,1,0,0.7891167998313904,0.007864669968055057,1.2454347146799705
googlenet,implicit precomp gemm,311,inception4e.branch2.1.conv,160,320,3,1,1,0.9675584018230439,0.0062700828566913495,1.527062688778351
googlenet,implicit precomp gemm,311,inception4e.branch3.0.conv,528,32,1,1,0,0.3994511976838112,0.008330710447155505,0.6304394843985174
googlenet,implicit precomp gemm,311,inception4e.branch3.1.conv,32,128,3,1,1,0.3655104011297226,0.007829921243341233,0.5768719437234434
googlenet,implicit precomp gemm,311,inception4e.branch4.1.conv,528,128,1,1,0,0.7379135996103287,0.006390166187635785,1.1646225420438725
googlenet,implicit precomp gemm,311,inception5a.branch1.conv,832,256,1,1,0,0.7537567973136902,0.00875295333855087,1.1896272921841817
googlenet,implicit precomp gemm,311,inception5a.branch2.0.conv,832,160,1,1,0,0.5024783968925476,0.008409991354872583,0.793043614076438
googlenet,implicit precomp gemm,311,inception5a.branch2.1.conv,160,320,3,1,1,0.71424800157547,0.007115017497956364,1.1272719782964364
googlenet,implicit precomp gemm,311,inception5a.branch3.0.conv,832,32,1,1,0,0.4544128030538559,0.010066717999430078,0.7171834129487911
googlenet,implicit precomp gemm,311,inception5a.branch3.1.conv,32,128,3,1,1,0.3155344009399414,0.00587631726135164,0.49799661683836693
googlenet,implicit precomp gemm,311,inception5a.branch4.1.conv,832,128,1,1,0,0.4902960002422333,0.009270371278519889,0.7738165748098246
googlenet,implicit precomp gemm,311,inception5b.branch1.conv,832,384,1,1,0,0.7622192025184631,0.005595163771904809,1.2029832025056508
googlenet,implicit precomp gemm,311,inception5b.branch2.0.conv,832,192,1,1,0,0.6991584062576294,0.00716143638180061,1.1034566117457223
googlenet,implicit precomp gemm,311,inception5b.branch2.1.conv,192,384,3,1,1,0.975571197271347,0.006917310293126751,1.539708996162858
googlenet,implicit precomp gemm,311,inception5b.branch3.0.conv,832,48,1,1,0,0.44961279928684234,0.009385379105515623,0.7096077393307529
googlenet,implicit precomp gemm,311,inception5b.branch3.1.conv,48,128,3,1,1,0.3130288034677505,0.007397351564829778,0.49404212230277017
googlenet,implicit precomp gemm,311,inception5b.branch4.1.conv,832,128,1,1,0,0.48325759917497635,0.010105138598693447,0.7627081190946816
googlenet,implicit precomp gemm,314,conv1.conv,3,64,7,2,3,1.4027279973030091,0.009685883567401283,2.407909457876384
googlenet,implicit precomp gemm,314,conv2.conv,64,64,1,1,0,0.9596463978290558,0.03414185934626603,1.6473198239376363
googlenet,implicit precomp gemm,314,conv3.conv,64,192,3,1,1,1.664116781949997,0.06343407184271303,2.856606944448569
googlenet,implicit precomp gemm,314,inception3a.branch1.conv,192,64,1,1,0,0.5214560002088546,0.03140733193641549,0.89512638029856
googlenet,implicit precomp gemm,314,inception3a.branch2.0.conv,192,96,1,1,0,0.8150736033916474,0.04046903294721644,1.399147548381169
googlenet,implicit precomp gemm,314,inception3a.branch2.1.conv,96,128,3,1,1,0.7358975976705551,0.03821603759830429,1.2632347745723849
googlenet,implicit precomp gemm,314,inception3a.branch3.0.conv,192,16,1,1,0,0.4300303980708122,0.02477370217193276,0.7381860664932447
googlenet,implicit precomp gemm,314,inception3a.branch3.1.conv,16,32,3,1,1,0.24431679919362068,0.015621858748689297,0.41939187969977115
googlenet,implicit precomp gemm,314,inception3a.branch4.1.conv,192,32,1,1,0,0.4669232040643692,0.023618194182136988,0.8015159042453137
googlenet,implicit precomp gemm,314,inception3b.branch1.conv,256,128,1,1,0,1.02464160323143,0.04449477504862901,1.75888997161124
googlenet,implicit precomp gemm,314,inception3b.branch2.0.conv,256,128,1,1,0,0.9985887974500656,0.04916832191168367,1.7141679744986287
googlenet,implicit precomp gemm,314,inception3b.branch2.1.conv,128,192,3,1,1,1.0240752041339873,0.04297870381960674,1.7579176963402772
googlenet,implicit precomp gemm,314,inception3b.branch3.0.conv,256,32,1,1,0,0.6668319910764694,0.028653172188811343,1.1446774151615677
googlenet,implicit precomp gemm,314,inception3b.branch3.1.conv,32,96,3,1,1,0.47808959782123567,0.02726807314423801,0.8206840289203945
googlenet,implicit precomp gemm,314,inception3b.branch4.1.conv,256,64,1,1,0,0.7223488032817841,0.03584235718812095,1.2399770437690714
googlenet,implicit precomp gemm,314,inception4a.branch1.conv,480,192,1,1,0,0.7760288000106812,0.04248791172036606,1.332123612505707
googlenet,implicit precomp gemm,314,inception4a.branch2.0.conv,480,96,1,1,0,0.7081951975822449,0.040631864249895525,1.2156810996569563
googlenet,implicit precomp gemm,314,inception4a.branch2.1.conv,96,208,3,1,1,0.6619343966245651,0.03435274640117793,1.1362702513890777
googlenet,implicit precomp gemm,314,inception4a.branch3.0.conv,480,16,1,1,0,0.38109440058469773,0.02166488799564007,0.6541830014628286
googlenet,implicit precomp gemm,314,inception4a.branch3.1.conv,16,48,3,1,1,0.21512319818139075,0.01683775887695595,0.3692784235472073
googlenet,implicit precomp gemm,314,inception4a.branch4.1.conv,480,64,1,1,0,0.5093215957283974,0.03453869970770425,0.8742965776779746
googlenet,implicit precomp gemm,314,inception4b.branch1.conv,512,160,1,1,0,0.738043200969696,0.013815899797910187,1.2669178966650396
googlenet,implicit precomp gemm,314,inception4b.branch2.0.conv,512,112,1,1,0,0.6992959916591645,0.013424859510195225,1.200404807923295
googlenet,implicit precomp gemm,314,inception4b.branch2.1.conv,112,224,3,1,1,0.6801439970731735,0.012165617163128646,1.1675286772768179
googlenet,implicit precomp gemm,314,inception4b.branch3.0.conv,512,24,1,1,0,0.3809791997075081,0.010052080109265608,0.6539852487393684
googlenet,implicit precomp gemm,314,inception4b.branch3.1.conv,24,64,3,1,1,0.2201775997877121,0.0047030688992477825,0.37795476098052777
googlenet,implicit precomp gemm,314,inception4b.branch4.1.conv,512,64,1,1,0,0.5135920017957687,0.008963497747790013,0.8816271158709574
googlenet,implicit precomp gemm,314,inception4c.branch1.conv,512,128,1,1,0,0.7143008023500442,0.013000790116280966,1.226161922378614
googlenet,implicit precomp gemm,314,inception4c.branch2.0.conv,512,128,1,1,0,0.7103904038667679,0.014052660224808644,1.2194493697596813
googlenet,implicit precomp gemm,314,inception4c.branch2.1.conv,128,256,3,1,1,0.7116575956344604,0.013082307543617827,1.221624619022715
googlenet,implicit precomp gemm,314,inception4c.branch3.0.conv,512,24,1,1,0,0.38064640015363693,0.008032537987316377,0.6534139682096546
googlenet,implicit precomp gemm,314,inception4c.branch3.1.conv,24,64,3,1,1,0.22031999975442887,0.008048929669631257,0.37819920340081015
googlenet,implicit precomp gemm,314,inception4c.branch4.1.conv,512,64,1,1,0,0.5114959999918938,0.010533609932615312,0.878029139230454
googlenet,implicit precomp gemm,314,inception4d.branch1.conv,512,112,1,1,0,0.7090639919042587,0.012951890168739832,1.2171724636768861
googlenet,implicit precomp gemm,314,inception4d.branch2.0.conv,512,144,1,1,0,0.7101967990398407,0.012478636239231193,1.219117029566326
googlenet,implicit precomp gemm,314,inception4d.branch2.1.conv,144,288,3,1,1,0.9061903983354569,0.01229987206927681,1.5555577667117497
googlenet,implicit precomp gemm,314,inception4d.branch3.0.conv,512,32,1,1,0,0.3926143988966942,0.005979262848743394,0.673958120333707
googlenet,implicit precomp gemm,314,inception4d.branch3.1.conv,32,64,3,1,1,0.3402927994728088,0.007939286326254178,0.5841433634127482
googlenet,implicit precomp gemm,314,inception4d.branch4.1.conv,512,64,1,1,0,0.5197200000286102,0.009679231536315431,0.8921463790004303
googlenet,implicit precomp gemm,314,inception4e.branch1.conv,528,256,1,1,0,0.6801487952470779,0.012240830494293812,1.16753691377623
googlenet,implicit precomp gemm,314,inception4e.branch2.0.conv,528,160,1,1,0,0.7855551958084106,0.004823742912235223,1.348476532376794
googlenet,implicit precomp gemm,314,inception4e.branch2.1.conv,160,320,3,1,1,0.9630192041397094,0.006496214678808877,1.6531095509771072
googlenet,implicit precomp gemm,314,inception4e.branch3.0.conv,528,32,1,1,0,0.4001023963093758,0.005160031485080039,0.6868119450418588
googlenet,implicit precomp gemm,314,inception4e.branch3.1.conv,32,128,3,1,1,0.3678735986351967,0.00827887504661669,0.6314882993423023
googlenet,implicit precomp gemm,314,inception4e.branch4.1.conv,528,128,1,1,0,0.7367135941982269,0.009655102958772283,1.264635506403754
googlenet,implicit precomp gemm,314,inception5a.branch1.conv,832,256,1,1,0,0.747684794664383,0.009811513966140118,1.283468564143749
googlenet,implicit precomp gemm,314,inception5a.branch2.0.conv,832,160,1,1,0,0.499262398481369,0.007214839565408478,0.8570290559372421
googlenet,implicit precomp gemm,314,inception5a.branch2.1.conv,160,320,3,1,1,0.7146575927734375,0.007777309342762911,1.2267743854053876
googlenet,implicit precomp gemm,314,inception5a.branch3.0.conv,832,32,1,1,0,0.4495168015360832,0.010086388354992381,0.7716362402220331
googlenet,implicit precomp gemm,314,inception5a.branch3.1.conv,32,128,3,1,1,0.31633760035037994,0.0067099606537512025,0.5430220978194812
googlenet,implicit precomp gemm,314,inception5a.branch4.1.conv,832,128,1,1,0,0.48845279812812803,0.007421045918128834,0.8384733994047732
googlenet,implicit precomp gemm,314,inception5b.branch1.conv,832,384,1,1,0,0.7600512027740478,0.006603569391730534,1.304696621974257
googlenet,implicit precomp gemm,314,inception5b.branch2.0.conv,832,192,1,1,0,0.6959295988082885,0.008610540571153957,1.1946260901675099
googlenet,implicit precomp gemm,314,inception5b.branch2.1.conv,192,384,3,1,1,0.97707040309906,0.008383035600492224,1.677229704658915
googlenet,implicit precomp gemm,314,inception5b.branch3.0.conv,832,48,1,1,0,0.4482832014560699,0.008153876183746677,0.7695186541286407
googlenet,implicit precomp gemm,314,inception5b.branch3.1.conv,48,128,3,1,1,0.3123935997486115,0.0072992183903182375,0.5362518641254737
googlenet,implicit precomp gemm,314,inception5b.branch4.1.conv,832,128,1,1,0,0.48491680026054385,0.008951725206735494,0.8324035393002076
googlenet,implicit precomp gemm,317,conv1.conv,3,64,7,2,3,1.4183568060398102,0.03389086503384691,2.4180602542663627
googlenet,implicit precomp gemm,317,conv2.conv,64,64,1,1,0,0.9591119974851608,0.012910931467534357,1.6351249492603293
googlenet,implicit precomp gemm,317,conv3.conv,64,192,3,1,1,1.6915536165237426,0.020131162238332063,2.8838149545014993
googlenet,implicit precomp gemm,317,inception3a.branch1.conv,192,64,1,1,0,0.5125679969787598,0.005657664991021179,0.8738423898876629
googlenet,implicit precomp gemm,317,inception3a.branch2.0.conv,192,96,1,1,0,0.8035791933536529,0.007339901200070766,1.3699676275599684
googlenet,implicit precomp gemm,317,inception3a.branch2.1.conv,96,128,3,1,1,0.7966208010911942,0.3037289493808821,1.358104736860113
googlenet,implicit precomp gemm,317,inception3a.branch3.0.conv,192,16,1,1,0,0.4304736003279686,0.0062005188792524394,0.7338852248118929
googlenet,implicit precomp gemm,317,inception3a.branch3.1.conv,16,32,3,1,1,0.24331360012292863,0.008226435985471188,0.4148088430741449
googlenet,implicit precomp gemm,317,inception3a.branch4.1.conv,192,32,1,1,0,0.46767200231552125,0.023934476231501828,0.7973022556924845
googlenet,implicit precomp gemm,317,inception3b.branch1.conv,256,128,1,1,0,1.0169567942619324,0.01145447910618675,1.733740617339339
googlenet,implicit precomp gemm,317,inception3b.branch2.0.conv,256,128,1,1,0,0.9755391985177994,0.016868548997571252,1.663130569381245
googlenet,implicit precomp gemm,317,inception3b.branch2.1.conv,128,192,3,1,1,1.0244191884994507,0.009920606402869724,1.7464627467996905
googlenet,implicit precomp gemm,317,inception3b.branch3.0.conv,256,32,1,1,0,0.6565968036651612,0.010992681024750837,1.119387327124017
googlenet,implicit precomp gemm,317,inception3b.branch3.1.conv,32,96,3,1,1,0.4750832036137581,0.0059320740072467786,0.809937109785137
googlenet,implicit precomp gemm,317,inception3b.branch4.1.conv,256,64,1,1,0,0.7127584010362625,0.006197546541472011,1.215133422775606
googlenet,implicit precomp gemm,317,inception4a.branch1.conv,480,192,1,1,0,0.7683328032493592,0.005694680752250879,1.3098784492554452
googlenet,implicit precomp gemm,317,inception4a.branch2.0.conv,480,96,1,1,0,0.7020752042531967,0.007625615465591762,1.1969203656522969
googlenet,implicit precomp gemm,317,inception4a.branch2.1.conv,96,208,3,1,1,0.6489071935415268,0.006586474184735623,1.1062778327206442
googlenet,implicit precomp gemm,317,inception4a.branch3.0.conv,480,16,1,1,0,0.37821760177612307,0.007259255221034219,0.6447975195129544
googlenet,implicit precomp gemm,317,inception4a.branch3.1.conv,16,48,3,1,1,0.2081519991159439,0.00523022422635085,0.3548642159469596
googlenet,implicit precomp gemm,317,inception4a.branch4.1.conv,480,64,1,1,0,0.508107204735279,0.0055770813859956775,0.8662374879472144
googlenet,implicit precomp gemm,317,inception4b.branch1.conv,512,160,1,1,0,0.74064000248909,0.005894575640939362,1.262666872758914
googlenet,implicit precomp gemm,317,inception4b.branch2.0.conv,512,112,1,1,0,0.6954511940479279,0.004132689052333084,1.1856275402271226
googlenet,implicit precomp gemm,317,inception4b.branch2.1.conv,112,224,3,1,1,0.6725615948438645,0.008884259795637258,1.14660461606887
googlenet,implicit precomp gemm,317,inception4b.branch3.0.conv,512,24,1,1,0,0.3829727977514267,0.007208605275864123,0.6529043303945079
googlenet,implicit precomp gemm,317,inception4b.branch3.1.conv,24,64,3,1,1,0.22565439864993095,0.0051604501084430475,0.3847028690187426
googlenet,implicit precomp gemm,317,inception4b.branch4.1.conv,512,64,1,1,0,0.5131279945373535,0.006475954891620457,0.8747970917180877
googlenet,implicit precomp gemm,317,inception4c.branch1.conv,512,128,1,1,0,0.7176560044288636,0.00889569792086811,1.2234830143976712
googlenet,implicit precomp gemm,317,inception4c.branch2.0.conv,512,128,1,1,0,0.7062639981508255,0.00849337095599515,1.204061556073521
googlenet,implicit precomp gemm,317,inception4c.branch2.1.conv,128,256,3,1,1,0.7048175990581512,0.008119945354454856,1.201595688428011
googlenet,implicit precomp gemm,317,inception4c.branch3.0.conv,512,24,1,1,0,0.38239200264215467,0.009256365378545628,0.6519141722314684
googlenet,implicit precomp gemm,317,inception4c.branch3.1.conv,24,64,3,1,1,0.22152959927916527,0.004203008188809125,0.3776707785230374
googlenet,implicit precomp gemm,317,inception4c.branch4.1.conv,512,64,1,1,0,0.5139615952968597,0.006668937447398566,0.8762182410762076
googlenet,implicit precomp gemm,317,inception4d.branch1.conv,512,112,1,1,0,0.7085568070411682,0.005916006777939978,1.20797041033696
googlenet,implicit precomp gemm,317,inception4d.branch2.0.conv,512,144,1,1,0,0.7110863983631134,0.005088434947483108,1.212282938897535
googlenet,implicit precomp gemm,317,inception4d.branch2.1.conv,144,288,3,1,1,0.9028287976980209,0.007157333316665225,1.5391715419028325
googlenet,implicit precomp gemm,317,inception4d.branch3.0.conv,512,32,1,1,0,0.3967824012041092,0.007558138363091122,0.6764473860585802
googlenet,implicit precomp gemm,317,inception4d.branch3.1.conv,32,64,3,1,1,0.3440671995282173,0.005771026513881127,0.5865768165197247
googlenet,implicit precomp gemm,317,inception4d.branch4.1.conv,512,64,1,1,0,0.5196207970380783,0.009413714753831258,0.8858662300328958
googlenet,implicit precomp gemm,317,inception4e.branch1.conv,528,256,1,1,0,0.6896640002727509,0.007794799653707738,1.1757613463386007
googlenet,implicit precomp gemm,317,inception4e.branch2.0.conv,528,160,1,1,0,0.788576003909111,0.005404149317221332,1.3443897081474552
googlenet,implicit precomp gemm,317,inception4e.branch2.1.conv,160,320,3,1,1,0.9624239981174469,0.00495742239553779,1.6407713543517228
googlenet,implicit precomp gemm,317,inception4e.branch3.0.conv,528,32,1,1,0,0.4014079988002777,0.006552942215592279,0.6843332534594317
googlenet,implicit precomp gemm,317,inception4e.branch3.1.conv,32,128,3,1,1,0.36829280108213425,0.007909143888120451,0.627877400409316
googlenet,implicit precomp gemm,317,inception4e.branch4.1.conv,528,128,1,1,0,0.7352671980857849,0.006938757965621086,1.2535071431857514
googlenet,implicit precomp gemm,317,inception5a.branch1.conv,832,256,1,1,0,0.7556687951087951,0.008302510982101639,1.2882884412870665
googlenet,implicit precomp gemm,317,inception5a.branch2.0.conv,832,160,1,1,0,0.500977598130703,0.005665250458928884,0.8540827055358582
googlenet,implicit precomp gemm,317,inception5a.branch2.1.conv,160,320,3,1,1,0.7159760057926178,0.006931942707925519,1.2206188987448052
googlenet,implicit precomp gemm,317,inception5a.branch3.0.conv,832,32,1,1,0,0.4538863986730576,0.009628248276155972,0.7738001156759792
googlenet,implicit precomp gemm,317,inception5a.branch3.1.conv,32,128,3,1,1,0.31682399958372115,0.007456195295608734,0.5401317339394471
googlenet,implicit precomp gemm,317,inception5a.branch4.1.conv,832,128,1,1,0,0.49181599617004396,0.0074622947289855945,0.8384637121541204
googlenet,implicit precomp gemm,317,inception5b.branch1.conv,832,384,1,1,0,0.7584112018346787,0.005548598471776063,1.2929637843859636
googlenet,implicit precomp gemm,317,inception5b.branch2.0.conv,832,192,1,1,0,0.6970543980598449,0.007402794592290043,1.1883607339370474
googlenet,implicit precomp gemm,317,inception5b.branch2.1.conv,192,384,3,1,1,0.9731632024049759,0.006940983285292338,1.6590798948681436
googlenet,implicit precomp gemm,317,inception5b.branch3.0.conv,832,48,1,1,0,0.44926559925079346,0.010388790225681812,0.7659224283561636
googlenet,implicit precomp gemm,317,inception5b.branch3.1.conv,48,128,3,1,1,0.31452640146017075,0.0091450711200512,0.5362147148373593
googlenet,implicit precomp gemm,317,inception5b.branch4.1.conv,832,128,1,1,0,0.4835935950279236,0.004257950726185201,0.8244458985040356
googlenet,implicit precomp gemm,320,conv1.conv,3,64,7,2,3,1.4279424011707307,0.0183765978655546,2.356553133265913
googlenet,implicit precomp gemm,320,conv2.conv,64,64,1,1,0,0.9840943992137909,0.009183775638568661,1.6240646247323094
googlenet,implicit precomp gemm,320,conv3.conv,64,192,3,1,1,1.8304783999919891,0.015075423308565278,3.020863870517522
googlenet,implicit precomp gemm,320,inception3a.branch1.conv,192,64,1,1,0,0.7074831962585449,0.0078105073838829085,1.1675693231807864
googlenet,implicit precomp gemm,320,inception3a.branch2.0.conv,192,96,1,1,0,0.8381583988666534,0.008472138826420264,1.3832244209591156
googlenet,implicit precomp gemm,320,inception3a.branch2.1.conv,96,128,3,1,1,0.7565183967351914,0.008257912737644924,1.2484927940636623
googlenet,implicit precomp gemm,320,inception3a.branch3.0.conv,192,16,1,1,0,0.4337984025478363,0.007653872466519475,0.7159035153600883
googlenet,implicit precomp gemm,320,inception3a.branch3.1.conv,16,32,3,1,1,0.2485343985259533,0.0036387285882178255,0.4101597621098076
googlenet,implicit precomp gemm,320,inception3a.branch4.1.conv,192,32,1,1,0,0.46534560024738314,0.011048479226963401,0.7679662929088709
googlenet,implicit precomp gemm,320,inception3b.branch1.conv,256,128,1,1,0,1.0342687964439392,0.016303451892809788,1.7068681278046278
googlenet,implicit precomp gemm,320,inception3b.branch2.0.conv,256,128,1,1,0,0.9734191924333573,0.009070354151448247,1.6064471830441382
googlenet,implicit precomp gemm,320,inception3b.branch2.1.conv,128,192,3,1,1,1.0384159982204437,0.009110711635133936,1.7137123123688616
googlenet,implicit precomp gemm,320,inception3b.branch3.0.conv,256,32,1,1,0,0.48948159962892535,0.007636771907138469,0.8077982671680882
googlenet,implicit precomp gemm,320,inception3b.branch3.1.conv,32,96,3,1,1,0.4458447992801666,0.007473009819074083,0.7357838508280055
googlenet,implicit precomp gemm,320,inception3b.branch4.1.conv,256,64,1,1,0,0.7229664027690887,0.004885692478244609,1.1931214734534519
googlenet,implicit precomp gemm,320,inception4a.branch1.conv,480,192,1,1,0,0.7786272019147873,0.008150728353100144,1.2849792616382834
googlenet,implicit precomp gemm,320,inception4a.branch2.0.conv,480,96,1,1,0,0.7050879985094071,0.008866919019243424,1.1636164951424184
googlenet,implicit precomp gemm,320,inception4a.branch2.1.conv,96,208,3,1,1,0.6562304019927978,0.007240413673849948,1.082986126536051
googlenet,implicit precomp gemm,320,inception4a.branch3.0.conv,480,16,1,1,0,0.38461279571056367,0.00655083429531939,0.63473182677592
googlenet,implicit precomp gemm,320,inception4a.branch3.1.conv,16,48,3,1,1,0.21123360097408295,0.0054112232411497015,0.348601738990591
googlenet,implicit precomp gemm,320,inception4a.branch4.1.conv,480,64,1,1,0,0.5151439934968949,0.005967157470688274,0.8501492714012323
googlenet,implicit precomp gemm,320,inception4b.branch1.conv,512,160,1,1,0,0.7359391987323761,0.0064751887686006725,1.2145306584103799
googlenet,implicit precomp gemm,320,inception4b.branch2.0.conv,512,112,1,1,0,0.7078159928321839,0.009726514227431742,1.1681185419782014
googlenet,implicit precomp gemm,320,inception4b.branch2.1.conv,112,224,3,1,1,0.673297592997551,0.008890286496791482,1.1111523483705759
googlenet,implicit precomp gemm,320,inception4b.branch3.0.conv,512,24,1,1,0,0.3907872036099434,0.008302294146672112,0.6449215376980242
googlenet,implicit precomp gemm,320,inception4b.branch3.1.conv,24,64,3,1,1,0.22537119835615158,0.005047814748298121,0.37193321187090533
googlenet,implicit precomp gemm,320,inception4b.branch4.1.conv,512,64,1,1,0,0.7075279980897904,0.0077705585048094905,1.1676432602637605
googlenet,implicit precomp gemm,320,inception4c.branch1.conv,512,128,1,1,0,0.740198403596878,0.008831951481877029,1.2215596832228897
googlenet,implicit precomp gemm,320,inception4c.branch2.0.conv,512,128,1,1,0,0.7263583958148956,0.008236137564222404,1.1987193265836331
googlenet,implicit precomp gemm,320,inception4c.branch2.1.conv,128,256,3,1,1,0.7151120066642761,0.008936963038758607,1.180159254714424
googlenet,implicit precomp gemm,320,inception4c.branch3.0.conv,512,24,1,1,0,0.3915375992655754,0.006135647235231898,0.6461599260475954
googlenet,implicit precomp gemm,320,inception4c.branch3.1.conv,24,64,3,1,1,0.2275023989379406,0.0059288479244879655,0.37545036172549007
googlenet,implicit precomp gemm,320,inception4c.branch4.1.conv,512,64,1,1,0,0.7076304018497467,0.006259491919033785,1.1678122586079411
googlenet,implicit precomp gemm,320,inception4d.branch1.conv,512,112,1,1,0,0.7256783962249755,0.009289520389672571,1.1975971138368644
googlenet,implicit precomp gemm,320,inception4d.branch2.0.conv,512,144,1,1,0,0.7328415989875794,0.008212708394921218,1.2094186466245966
googlenet,implicit precomp gemm,320,inception4d.branch2.1.conv,144,288,3,1,1,0.907052806019783,0.006836893960677999,1.4969218158316933
googlenet,implicit precomp gemm,320,inception4d.branch3.0.conv,512,32,1,1,0,0.40356319546699526,0.005636180815369514,0.6660059341110947
googlenet,implicit precomp gemm,320,inception4d.branch3.1.conv,32,64,3,1,1,0.3488079994916916,0.006023364867126857,0.5756426753883339
googlenet,implicit precomp gemm,320,inception4d.branch4.1.conv,512,64,1,1,0,0.7137760013341904,0.0054152891991622555,1.1779544266036457
googlenet,implicit precomp gemm,320,inception4e.branch1.conv,528,256,1,1,0,0.696588796377182,0.009751734040938048,1.1495901440805447
googlenet,implicit precomp gemm,320,inception4e.branch2.0.conv,528,160,1,1,0,0.7844992041587829,0.006997962077106898,1.2946699083165298
googlenet,implicit precomp gemm,320,inception4e.branch2.1.conv,160,320,3,1,1,0.9720704019069671,0.005938570755411006,1.6042212553467199
googlenet,implicit precomp gemm,320,inception4e.branch3.0.conv,528,32,1,1,0,0.40743360221385955,0.007620994560592085,0.6723933200020511
googlenet,implicit precomp gemm,320,inception4e.branch3.1.conv,32,128,3,1,1,0.3687840014696121,0.004194705352552089,0.6086093482825623
googlenet,implicit precomp gemm,320,inception4e.branch4.1.conv,528,128,1,1,0,0.7606943935155869,0.00847431968636175,1.2553844994218621
googlenet,implicit precomp gemm,320,inception5a.branch1.conv,832,256,1,1,0,0.7487040072679519,0.008963227669217139,1.2355965988330386
googlenet,implicit precomp gemm,320,inception5a.branch2.0.conv,832,160,1,1,0,0.4990255981683731,0.004863918762258955,0.8235488602197275
googlenet,implicit precomp gemm,320,inception5a.branch2.1.conv,160,320,3,1,1,0.7146160006523132,0.004467666584315713,1.179340689119165
googlenet,implicit precomp gemm,320,inception5a.branch3.0.conv,832,32,1,1,0,0.4514272019267082,0.010008562631275088,0.744996567277264
googlenet,implicit precomp gemm,320,inception5a.branch3.1.conv,32,128,3,1,1,0.31910559982061387,0.00801937992035928,0.5266243935913878
googlenet,implicit precomp gemm,320,inception5a.branch4.1.conv,832,128,1,1,0,0.4887040004134178,0.00537003531809176,0.8065149844066638
googlenet,implicit precomp gemm,320,inception5b.branch1.conv,832,384,1,1,0,0.764371195435524,0.00860492750194496,1.2614523765839398
googlenet,implicit precomp gemm,320,inception5b.branch2.0.conv,832,192,1,1,0,0.6987375915050507,0.011964395031902653,1.1531363304583524
googlenet,implicit precomp gemm,320,inception5b.branch2.1.conv,192,384,3,1,1,0.973187193274498,0.005655385060243308,1.6060643116171978
googlenet,implicit precomp gemm,320,inception5b.branch3.0.conv,832,48,1,1,0,0.4527295961976051,0.007133249965988137,0.7471459265912765
googlenet,implicit precomp gemm,320,inception5b.branch3.1.conv,48,128,3,1,1,0.3152223989367485,0.00732149660285561,0.5202158933588356
googlenet,implicit precomp gemm,320,inception5b.branch4.1.conv,832,128,1,1,0,0.4883823975920677,0.006920212252476085,0.8059842388137753
googlenet,implicit precomp gemm,322,conv1.conv,3,64,7,2,3,1.4509968042373658,0.011578752336076546,2.390633302166239
googlenet,implicit precomp gemm,322,conv2.conv,64,64,1,1,0,0.9298559993505477,0.013376838835680511,1.5320121393615702
googlenet,implicit precomp gemm,322,conv3.conv,64,192,3,1,1,1.7916895985603332,0.007371004835302287,2.9519519332879938
googlenet,implicit precomp gemm,322,inception3a.branch1.conv,192,64,1,1,0,0.7035103976726532,0.004759139637580504,1.159089654908248
googlenet,implicit precomp gemm,322,inception3a.branch2.0.conv,192,96,1,1,0,0.839876800775528,0.0054046793932969,1.3837642121521574
googlenet,implicit precomp gemm,322,inception3a.branch2.1.conv,96,128,3,1,1,0.7575407981872558,0.008402690852971795,1.2481090617204347
googlenet,implicit precomp gemm,322,inception3a.branch3.0.conv,192,16,1,1,0,0.4289439991116524,0.007677688940358048,0.7067195503436344
googlenet,implicit precomp gemm,322,inception3a.branch3.1.conv,16,32,3,1,1,0.2521807990968227,0.008019249388765992,0.41548803879318236
googlenet,implicit precomp gemm,322,inception3a.branch4.1.conv,192,32,1,1,0,0.46026400178670884,0.005020092308793362,0.7583217600799126
googlenet,implicit precomp gemm,322,inception3b.branch1.conv,256,128,1,1,0,1.0120080053806304,0.013169333058111165,1.6673641407455437
googlenet,implicit precomp gemm,322,inception3b.branch2.0.conv,256,128,1,1,0,0.9704799979925156,0.008293731395660992,1.598943426692481
googlenet,implicit precomp gemm,322,inception3b.branch2.1.conv,128,192,3,1,1,1.0332271993160247,0.008354502883783527,1.702324460105957
googlenet,implicit precomp gemm,322,inception3b.branch3.0.conv,256,32,1,1,0,0.4997312009334564,0.009229654230052018,0.823347127708501
googlenet,implicit precomp gemm,322,inception3b.branch3.1.conv,32,96,3,1,1,0.43856960237026216,0.00899449337164296,0.72257850167714
googlenet,implicit precomp gemm,322,inception3b.branch4.1.conv,256,64,1,1,0,0.7222895979881286,0.007153467350592731,1.190029889601475
googlenet,implicit precomp gemm,322,inception4a.branch1.conv,480,192,1,1,0,0.7757743924856186,0.006903865683587508,1.2781503668567098
googlenet,implicit precomp gemm,322,inception4a.branch2.0.conv,480,96,1,1,0,0.7071983993053437,0.008343555741822325,1.1651659326063146
googlenet,implicit precomp gemm,322,inception4a.branch2.1.conv,96,208,3,1,1,0.6532895982265472,0.005920107100511342,1.0763468705915207
googlenet,implicit precomp gemm,322,inception4a.branch3.0.conv,480,16,1,1,0,0.38155199885368346,0.007615216905912467,0.6286374389688134
googlenet,implicit precomp gemm,322,inception4a.branch3.1.conv,16,48,3,1,1,0.21047840043902397,0.0035394302735072673,0.346780001173523
googlenet,implicit precomp gemm,322,inception4a.branch4.1.conv,480,64,1,1,0,0.5104992032051087,0.004271560252443742,0.841088272798027
googlenet,implicit precomp gemm,322,inception4b.branch1.conv,512,160,1,1,0,0.7381504029035568,0.012213456437696824,1.2161618344267522
googlenet,implicit precomp gemm,322,inception4b.branch2.0.conv,512,112,1,1,0,0.7078640013933182,0.010211215515278598,1.1662625652886582
googlenet,implicit precomp gemm,322,inception4b.branch2.1.conv,112,224,3,1,1,0.6752224028110504,0.006658275826187524,1.112482920579016
googlenet,implicit precomp gemm,322,inception4b.branch3.0.conv,512,24,1,1,0,0.3900496020913124,0.007468024844258936,0.6426379200375147
googlenet,implicit precomp gemm,322,inception4b.branch3.1.conv,24,64,3,1,1,0.21882080137729645,0.004595351607684518,0.360524774039194
googlenet,implicit precomp gemm,322,inception4b.branch4.1.conv,512,64,1,1,0,0.7117167949676514,0.006945924350181357,1.17261035089251
googlenet,implicit precomp gemm,322,inception4c.branch1.conv,512,128,1,1,0,0.738220801949501,0.010041798553677253,1.2162778224862596
googlenet,implicit precomp gemm,322,inception4c.branch2.0.conv,512,128,1,1,0,0.717592003941536,0.007761668175697115,1.18229022764285
googlenet,implicit precomp gemm,322,inception4c.branch2.1.conv,128,256,3,1,1,0.7176976025104522,0.010178331492421663,1.182464209732111
googlenet,implicit precomp gemm,322,inception4c.branch3.0.conv,512,24,1,1,0,0.3942928001284599,0.00894675255343995,0.649628928222831
googlenet,implicit precomp gemm,322,inception4c.branch3.1.conv,24,64,3,1,1,0.22523679882287978,0.008519968342660512,0.37109564305505427
googlenet,implicit precomp gemm,322,inception4c.branch4.1.conv,512,64,1,1,0,0.7066752016544342,0.006250610001436788,1.1643039226251575
googlenet,implicit precomp gemm,322,inception4d.branch1.conv,512,112,1,1,0,0.7231600016355515,0.007790384032871821,1.1914639492353618
googlenet,implicit precomp gemm,322,inception4d.branch2.0.conv,512,144,1,1,0,0.7353247970342636,0.011599833908598336,1.2115064227330792
googlenet,implicit precomp gemm,322,inception4d.branch2.1.conv,144,288,3,1,1,0.9133664041757583,0.007544406644070278,1.504844212286217
googlenet,implicit precomp gemm,322,inception4d.branch3.0.conv,512,32,1,1,0,0.4057247966527939,0.008804538926894333,0.6684640569574432
googlenet,implicit precomp gemm,322,inception4d.branch3.1.conv,32,64,3,1,1,0.34750560075044634,0.007100930942030583,0.572543274676572
googlenet,implicit precomp gemm,322,inception4d.branch4.1.conv,512,64,1,1,0,0.7153408020734787,0.007301747741001803,1.1785811924885614
googlenet,implicit precomp gemm,322,inception4e.branch1.conv,528,256,1,1,0,0.7008848071098328,0.007668478265812276,1.1547637844314822
googlenet,implicit precomp gemm,322,inception4e.branch2.0.conv,528,160,1,1,0,0.7822239965200424,0.008141854765202546,1.2887766054159207
googlenet,implicit precomp gemm,322,inception4e.branch2.1.conv,160,320,3,1,1,0.9740816056728363,0.006139646806141071,1.6048773634432498
googlenet,implicit precomp gemm,322,inception4e.branch3.0.conv,528,32,1,1,0,0.40798880010843275,0.004712508210368767,0.6721941837512885
googlenet,implicit precomp gemm,322,inception4e.branch3.1.conv,32,128,3,1,1,0.37245280146598814,0.012774325839718215,0.6136457834155529
googlenet,implicit precomp gemm,322,inception4e.branch4.1.conv,528,128,1,1,0,0.7549312025308609,0.006223003532317064,1.243809544131459
googlenet,implicit precomp gemm,322,inception5a.branch1.conv,832,256,1,1,0,0.7527200043201446,0.006535444284827892,1.2401664182025862
googlenet,implicit precomp gemm,322,inception5a.branch2.0.conv,832,160,1,1,0,0.4999903991818428,0.005272606103207607,0.8237741775563339
googlenet,implicit precomp gemm,322,inception5a.branch2.1.conv,160,320,3,1,1,0.7139536023139954,0.007175020456801953,1.176295669920839
googlenet,implicit precomp gemm,322,inception5a.branch3.0.conv,832,32,1,1,0,0.44716320037841795,0.011405562278981833,0.736737141809035
googlenet,implicit precomp gemm,322,inception5a.branch3.1.conv,32,128,3,1,1,0.31630560010671616,0.00589778711633297,0.5211387778860278
googlenet,implicit precomp gemm,322,inception5a.branch4.1.conv,832,128,1,1,0,0.4889647990465164,0.007592529906126285,0.8056086193808053
googlenet,implicit precomp gemm,322,inception5b.branch1.conv,832,384,1,1,0,0.7604575961828232,0.004768696468590743,1.252914719736725
googlenet,implicit precomp gemm,322,inception5b.branch2.0.conv,832,192,1,1,0,0.7031807988882065,0.015428636929744124,1.158546614545822
googlenet,implicit precomp gemm,322,inception5b.branch2.1.conv,192,384,3,1,1,0.9790656089782714,0.007128502999646755,1.6130889075660793
googlenet,implicit precomp gemm,322,inception5b.branch3.0.conv,832,48,1,1,0,0.4522511959075928,0.008611814775311703,0.7451200214389536
googlenet,implicit precomp gemm,322,inception5b.branch3.1.conv,48,128,3,1,1,0.3145840004086494,0.00807898852826179,0.5183023046703884
googlenet,implicit precomp gemm,322,inception5b.branch4.1.conv,832,128,1,1,0,0.48501440286636355,0.006038766073979393,0.7991000256765018
googlenet,implicit precomp gemm,325,conv1.conv,3,64,7,2,3,1.448884791135788,0.051702593968005965,2.0849176844506476
googlenet,implicit precomp gemm,325,conv2.conv,64,64,1,1,0,0.9864624053239822,0.01877784528843116,1.4195006576702633
googlenet,implicit precomp gemm,325,conv3.conv,64,192,3,1,1,1.7350816011428833,0.03911063851853309,2.496749456077846
googlenet,implicit precomp gemm,325,inception3a.branch1.conv,192,64,1,1,0,0.7154768019914627,0.019422879611253743,1.0295575234224357
googlenet,implicit precomp gemm,325,inception3a.branch2.0.conv,192,96,1,1,0,0.8293775945901871,0.013351270723707573,1.193458599763964
googlenet,implicit precomp gemm,325,inception3a.branch2.1.conv,96,128,3,1,1,0.7592767983675003,0.009236985885144664,1.092584885971869
googlenet,implicit precomp gemm,325,inception3a.branch3.0.conv,192,16,1,1,0,0.43026560395956037,0.005210377158007401,0.6191440287001078
googlenet,implicit precomp gemm,325,inception3a.branch3.1.conv,16,32,3,1,1,0.24394880160689353,0.007299803161232181,0.35103769028595466
googlenet,implicit precomp gemm,325,inception3a.branch4.1.conv,192,32,1,1,0,0.46858240067958834,0.015942176284126287,0.6742811711298125
googlenet,implicit precomp gemm,325,inception3b.branch1.conv,256,128,1,1,0,1.0110816091299057,0.016795575978407865,1.4549272241620184
googlenet,implicit precomp gemm,325,inception3b.branch2.0.conv,256,128,1,1,0,0.9905536055564881,0.015694910797751902,1.425387817068695
googlenet,implicit precomp gemm,325,inception3b.branch2.1.conv,128,192,3,1,1,1.0338240027427674,0.01266569963696341,1.4876530964468833
googlenet,implicit precomp gemm,325,inception3b.branch3.0.conv,256,32,1,1,0,0.4942303985357285,0.010858192486107757,0.7111881527119025
googlenet,implicit precomp gemm,325,inception3b.branch3.1.conv,32,96,3,1,1,0.44689600020647047,0.01254561544698094,0.6430748529083073
googlenet,implicit precomp gemm,325,inception3b.branch4.1.conv,256,64,1,1,0,0.7277408003807068,0.01301148505241408,1.0472051840785774
googlenet,implicit precomp gemm,325,inception4a.branch1.conv,480,192,1,1,0,0.7813327997922898,0.008358605084263497,1.1243230529401096
googlenet,implicit precomp gemm,325,inception4a.branch2.0.conv,480,96,1,1,0,0.7053407996892929,0.00702256999052753,1.014972008701931
googlenet,implicit precomp gemm,325,inception4a.branch2.1.conv,96,208,3,1,1,0.6562271982431411,0.0060707274845196325,0.9442984694194374
googlenet,implicit precomp gemm,325,inception4a.branch3.0.conv,480,16,1,1,0,0.3851007968187332,0.0065641736600018765,0.554152729392661
googlenet,implicit precomp gemm,325,inception4a.branch3.1.conv,16,48,3,1,1,0.21242720037698745,0.005261653822989444,0.3056787050522742
googlenet,implicit precomp gemm,325,inception4a.branch4.1.conv,480,64,1,1,0,0.5130047976970673,0.005251940659440304,0.7382041563761595
googlenet,implicit precomp gemm,325,inception4b.branch1.conv,512,160,1,1,0,0.7359488040208817,0.007082397050504143,1.05901634535802
googlenet,implicit precomp gemm,325,inception4b.branch2.0.conv,512,112,1,1,0,0.7099840015172958,0.009054294785638552,1.0216534879078023
googlenet,implicit precomp gemm,325,inception4b.branch2.1.conv,112,224,3,1,1,0.6811552047729492,0.007794490617586653,0.9801693971633585
googlenet,implicit precomp gemm,325,inception4b.branch3.0.conv,512,24,1,1,0,0.39230400025844575,0.005471397409495677,0.5645180022756621
googlenet,implicit precomp gemm,325,inception4b.branch3.1.conv,24,64,3,1,1,0.22475679814815522,0.003781084518764368,0.3234207619725623
googlenet,implicit precomp gemm,325,inception4b.branch4.1.conv,512,64,1,1,0,0.7076416015625,0.00800607760816927,1.0182828188803623
googlenet,implicit precomp gemm,325,inception4c.branch1.conv,512,128,1,1,0,0.7388303965330124,0.009436034185858873,1.063162902230366
googlenet,implicit precomp gemm,325,inception4c.branch2.0.conv,512,128,1,1,0,0.7171616017818451,0.00802235944254047,1.0319819183082246
googlenet,implicit precomp gemm,325,inception4c.branch2.1.conv,128,256,3,1,1,0.7138031959533692,0.006199603112815837,1.0271492361335
googlenet,implicit precomp gemm,325,inception4c.branch3.0.conv,512,24,1,1,0,0.3897968024015427,0.0063115976576147825,0.5609101921983844
googlenet,implicit precomp gemm,325,inception4c.branch3.1.conv,24,64,3,1,1,0.22739999890327453,0.0068249997571475365,0.32722427763620704
googlenet,implicit precomp gemm,325,inception4c.branch4.1.conv,512,64,1,1,0,0.7094415992498397,0.005244405634329408,1.0208729813510187
googlenet,implicit precomp gemm,325,inception4d.branch1.conv,512,112,1,1,0,0.7293104022741318,0.009783564086071693,1.0494638113794987
googlenet,implicit precomp gemm,325,inception4d.branch2.0.conv,512,144,1,1,0,0.7273903965950013,0.011506222299275903,1.0467009596889052
googlenet,implicit precomp gemm,325,inception4d.branch2.1.conv,144,288,3,1,1,0.9131039947271347,0.0052533171923706875,1.3139392986910832
googlenet,implicit precomp gemm,325,inception4d.branch3.0.conv,512,32,1,1,0,0.404694402217865,0.00584965714166847,0.5823475552675149
googlenet,implicit precomp gemm,325,inception4d.branch3.1.conv,32,64,3,1,1,0.3482640013098717,0.006213116670967385,0.5011452805845937
googlenet,implicit precomp gemm,325,inception4d.branch4.1.conv,512,64,1,1,0,0.7812239974737167,0.3001251950018233,1.1241664884710159
googlenet,implicit precomp gemm,325,inception4e.branch1.conv,528,256,1,1,0,0.6955248028039932,0.01324425335473084,1.0008469756959384
googlenet,implicit precomp gemm,325,inception4e.branch2.0.conv,528,160,1,1,0,0.7868623942136764,0.008039696604499684,1.1322800342456771
googlenet,implicit precomp gemm,325,inception4e.branch2.1.conv,160,320,3,1,1,0.976979199051857,0.006859176110231434,1.4058545040333355
googlenet,implicit precomp gemm,325,inception4e.branch3.0.conv,528,32,1,1,0,0.40624639987945554,0.00847371977388389,0.5845808504133213
googlenet,implicit precomp gemm,325,inception4e.branch3.1.conv,32,128,3,1,1,0.37090080231428146,0.008901010959110204,0.533719207112242
googlenet,implicit precomp gemm,325,inception4e.branch4.1.conv,528,128,1,1,0,0.7578752011060714,0.006998979963565728,1.0905680141441647
googlenet,implicit precomp gemm,325,inception5a.branch1.conv,832,256,1,1,0,0.7507791966199875,0.009054208284768744,1.0803569985185677
googlenet,implicit precomp gemm,325,inception5a.branch2.0.conv,832,160,1,1,0,0.4994928017258644,0.007308947926559775,0.7187606509125518
googlenet,implicit precomp gemm,325,inception5a.branch2.1.conv,160,320,3,1,1,0.7168224006891251,0.007087611245458234,1.031493814380898
googlenet,implicit precomp gemm,325,inception5a.branch3.0.conv,832,32,1,1,0,0.44646399915218354,0.009400243516096638,0.6424532115995611
googlenet,implicit precomp gemm,325,inception5a.branch3.1.conv,32,128,3,1,1,0.318046398460865,0.006608225401958576,0.4576627242439938
googlenet,implicit precomp gemm,325,inception5a.branch4.1.conv,832,128,1,1,0,0.48815200179815293,0.006649896420839726,0.7024414553010311
googlenet,implicit precomp gemm,325,inception5b.branch1.conv,832,384,1,1,0,0.7619200080633164,0.009361413466582562,1.0963884145010063
googlenet,implicit precomp gemm,325,inception5b.branch2.0.conv,832,192,1,1,0,0.6977263987064362,0.007284963432601491,1.0040150303674344
googlenet,implicit precomp gemm,325,inception5b.branch2.1.conv,192,384,3,1,1,0.9790271997451783,0.008201659178999086,1.4088015381173398
googlenet,implicit precomp gemm,325,inception5b.branch3.0.conv,832,48,1,1,0,0.4541232019662857,0.007930393794033937,0.6534746589179485
googlenet,implicit precomp gemm,325,inception5b.branch3.1.conv,48,128,3,1,1,0.31513440161943435,0.009262723476821184,0.45347241611949207
googlenet,implicit precomp gemm,325,inception5b.branch4.1.conv,832,128,1,1,0,0.4899680018424988,0.011454978485620899,0.7050546448593615
googlenet,implicit precomp gemm,328,conv1.conv,3,64,7,2,3,1.4786224067211151,0.010797061447661481,2.368071484486934
googlenet,implicit precomp gemm,328,conv2.conv,64,64,1,1,0,0.9733840078115463,0.008917502897842492,1.558912472769586
googlenet,implicit precomp gemm,328,conv3.conv,64,192,3,1,1,1.8310096085071563,0.006762094832282448,2.932433339315135
googlenet,implicit precomp gemm,328,inception3a.branch1.conv,192,64,1,1,0,0.5561328053474426,0.01433913973609545,0.8906683896745489
googlenet,implicit precomp gemm,328,inception3a.branch2.0.conv,192,96,1,1,0,0.8363007962703705,0.012751546057825493,1.3393683601029798
googlenet,implicit precomp gemm,328,inception3a.branch2.1.conv,96,128,3,1,1,0.764742398262024,0.012976286382677378,1.2247647932769474
googlenet,implicit precomp gemm,328,inception3a.branch3.0.conv,192,16,1,1,0,0.44340640008449556,0.0057456929516405365,0.7101326527355568
googlenet,implicit precomp gemm,328,inception3a.branch3.1.conv,16,32,3,1,1,0.25292159914970397,0.00736692930254182,0.4050638107705985
googlenet,implicit precomp gemm,328,inception3a.branch4.1.conv,192,32,1,1,0,0.6709679991006852,0.014813042370965023,1.0745814336717756
googlenet,implicit precomp gemm,328,inception3b.branch1.conv,256,128,1,1,0,1.0224543899297713,0.013305454264178966,1.6375006046001643
googlenet,implicit precomp gemm,328,inception3b.branch2.0.conv,256,128,1,1,0,0.9944671958684921,0.00689073587438861,1.5926780211697633
googlenet,implicit precomp gemm,328,inception3b.branch2.1.conv,128,192,3,1,1,1.0506415903568267,0.005973260231947141,1.6826435060301828
googlenet,implicit precomp gemm,328,inception3b.branch3.0.conv,256,32,1,1,0,0.6762607991695404,0.013780219640676857,1.0830580595224149
googlenet,implicit precomp gemm,328,inception3b.branch3.1.conv,32,96,3,1,1,0.4751343995332718,0.009761579600615258,0.7609462819710803
googlenet,implicit precomp gemm,328,inception3b.branch4.1.conv,256,64,1,1,0,0.8542960047721863,0.012347118759204547,1.368188388743723
googlenet,implicit precomp gemm,328,inception4a.branch1.conv,480,192,1,1,0,0.7757119923830033,0.006484617027109431,1.242333026326987
googlenet,implicit precomp gemm,328,inception4a.branch2.0.conv,480,96,1,1,0,0.7086623966693878,0.009783230530737364,1.1349504823224732
googlenet,implicit precomp gemm,328,inception4a.branch2.1.conv,96,208,3,1,1,0.6540272057056427,0.006609511203629282,1.0474500919708574
googlenet,implicit precomp gemm,328,inception4a.branch3.0.conv,480,16,1,1,0,0.3873999983072281,0.009116445051878693,0.620436214757473
googlenet,implicit precomp gemm,328,inception4a.branch3.1.conv,16,48,3,1,1,0.21343679949641228,0.007535915312253094,0.3418273633147638
googlenet,implicit precomp gemm,328,inception4a.branch4.1.conv,480,64,1,1,0,0.5112303972244263,0.00548376483711114,0.8187554308436981
googlenet,implicit precomp gemm,328,inception4b.branch1.conv,512,160,1,1,0,0.7416527986526489,0.007969151885058931,1.1877858984795724
googlenet,implicit precomp gemm,328,inception4b.branch2.0.conv,512,112,1,1,0,0.7061903953552247,0.008176914442844394,1.1309914757531996
googlenet,implicit precomp gemm,328,inception4b.branch2.1.conv,112,224,3,1,1,0.682523199915886,0.006204778938298462,1.093087538694678
googlenet,implicit precomp gemm,328,inception4b.branch3.0.conv,512,24,1,1,0,0.3911744013428688,0.008287842901888592,0.6264810685071751
googlenet,implicit precomp gemm,328,inception4b.branch3.1.conv,24,64,3,1,1,0.2259727992117405,0.00524864908506006,0.3619042560498299
googlenet,implicit precomp gemm,328,inception4b.branch4.1.conv,512,64,1,1,0,0.7063807934522629,0.006684891913309059,1.1312964057354908
googlenet,implicit precomp gemm,328,inception4c.branch1.conv,512,128,1,1,0,0.7384879976511002,0.008536839477150563,1.1827173461759033
googlenet,implicit precomp gemm,328,inception4c.branch2.0.conv,512,128,1,1,0,0.7230736017227173,0.006677818111484787,1.1580305895822844
googlenet,implicit precomp gemm,328,inception4c.branch2.1.conv,128,256,3,1,1,0.7126304000616074,0.004965546023486091,1.1413053945980822
googlenet,implicit precomp gemm,328,inception4c.branch3.0.conv,512,24,1,1,0,0.39326080232858657,0.009156899576976482,0.6298225211032034
googlenet,implicit precomp gemm,328,inception4c.branch3.1.conv,24,64,3,1,1,0.22359679862856865,0.0031530050561089894,0.3580989983974652
googlenet,implicit precomp gemm,328,inception4c.branch4.1.conv,512,64,1,1,0,0.705704003572464,0.00788863936993189,1.1302125003326942
googlenet,implicit precomp gemm,328,inception4d.branch1.conv,512,112,1,1,0,0.7252752035856247,0.007945978694185526,1.1615565408786033
googlenet,implicit precomp gemm,328,inception4d.branch2.0.conv,512,144,1,1,0,0.7317071974277496,0.007889866741925034,1.1718576300117698
googlenet,implicit precomp gemm,328,inception4d.branch2.1.conv,144,288,3,1,1,0.9080047965049743,0.006721556913106439,1.4542051145761834
googlenet,implicit precomp gemm,328,inception4d.branch3.0.conv,512,32,1,1,0,0.4012464001774788,0.00975876773562495,0.6426117676793298
googlenet,implicit precomp gemm,328,inception4d.branch3.1.conv,32,64,3,1,1,0.3476688027381897,0.007376909788627746,0.5568051546274887
googlenet,implicit precomp gemm,328,inception4d.branch4.1.conv,512,64,1,1,0,0.7141056030988693,0.00982240033172804,1.1436679898289466
googlenet,implicit precomp gemm,328,inception4e.branch1.conv,528,256,1,1,0,0.6802703976631165,0.008300491964791304,1.0894795879760075
googlenet,implicit precomp gemm,328,inception4e.branch2.0.conv,528,160,1,1,0,0.78401919901371,0.007307995962034086,1.2556373419172941
googlenet,implicit precomp gemm,328,inception4e.branch2.1.conv,160,320,3,1,1,0.9712703973054886,0.007784706822719503,1.5555274430649393
googlenet,implicit precomp gemm,328,inception4e.branch3.0.conv,528,32,1,1,0,0.4071520000696182,0.0075106219942915895,0.6520698163601801
googlenet,implicit precomp gemm,328,inception4e.branch3.1.conv,32,128,3,1,1,0.37004480212926866,0.006807976388494141,0.5926411908285181
googlenet,implicit precomp gemm,328,inception4e.branch4.1.conv,528,128,1,1,0,0.7608575969934464,0.010411841331291654,1.2185431324491387
googlenet,implicit precomp gemm,328,inception5a.branch1.conv,832,256,1,1,0,0.7440064042806626,0.007410762624222939,1.1915552897373356
googlenet,implicit precomp gemm,328,inception5a.branch2.0.conv,832,160,1,1,0,0.5035376027226448,0.008190576125890237,0.8064351202540029
googlenet,implicit precomp gemm,328,inception5a.branch2.1.conv,160,320,3,1,1,0.7198160082101822,0.0069419632943043185,1.1528134264512384
googlenet,implicit precomp gemm,328,inception5a.branch3.0.conv,832,32,1,1,0,0.44798400104045866,0.008499086370703388,0.7174638592977612
googlenet,implicit precomp gemm,328,inception5a.branch3.1.conv,32,128,3,1,1,0.3135648012161255,0.005905250125898146,0.5021862653531213
googlenet,implicit precomp gemm,328,inception5a.branch4.1.conv,832,128,1,1,0,0.48887199759483335,0.007093483277118466,0.782947581347482
googlenet,implicit precomp gemm,328,inception5b.branch1.conv,832,384,1,1,0,0.7597120016813278,0.007504408106732692,1.2167084168523383
googlenet,implicit precomp gemm,328,inception5b.branch2.0.conv,832,192,1,1,0,0.6999856054782867,0.00841843663652831,1.121054262636436
googlenet,implicit precomp gemm,328,inception5b.branch2.1.conv,192,384,3,1,1,0.9777776032686234,0.008985664955046923,1.5659489873448975
googlenet,implicit precomp gemm,328,inception5b.branch3.0.conv,832,48,1,1,0,0.4529856026172638,0.010272681701010191,0.7254741193999747
googlenet,implicit precomp gemm,328,inception5b.branch3.1.conv,48,128,3,1,1,0.31655519753694533,0.009620253180121847,0.5069755017548281
googlenet,implicit precomp gemm,328,inception5b.branch4.1.conv,832,128,1,1,0,0.4870815992355347,0.010078889150491509,0.7800801885085427
googlenet,implicit precomp gemm,331,conv1.conv,3,64,7,2,3,1.487311989068985,0.025040560393734344,2.3982358151892216
googlenet,implicit precomp gemm,331,conv2.conv,64,64,1,1,0,0.9972928047180176,0.00979488412637226,1.6080979243651654
googlenet,implicit precomp gemm,331,conv3.conv,64,192,3,1,1,1.9056560099124908,0.009248672426841574,3.0728001441469894
googlenet,implicit precomp gemm,331,inception3a.branch1.conv,192,64,1,1,0,0.553521603345871,0.015378880843975233,0.8925332031082407
googlenet,implicit precomp gemm,331,inception3a.branch2.0.conv,192,96,1,1,0,0.8418543994426727,0.014588289612051317,1.3574592195561108
googlenet,implicit precomp gemm,331,inception3a.branch2.1.conv,96,128,3,1,1,0.7737792015075684,0.007970254693901235,1.2476904696139692
googlenet,implicit precomp gemm,331,inception3a.branch3.0.conv,192,16,1,1,0,0.4441967993974686,0.009856709081543815,0.7162509824009902
googlenet,implicit precomp gemm,331,inception3a.branch3.1.conv,16,32,3,1,1,0.2534767985343933,0.006650251457139864,0.40872200387842716
googlenet,implicit precomp gemm,331,inception3a.branch4.1.conv,192,32,1,1,0,0.6835952043533325,0.014390957963271594,1.102272095041733
googlenet,implicit precomp gemm,331,inception3b.branch1.conv,256,128,1,1,0,1.038983988761902,0.009654730875648134,1.675323423444398
googlenet,implicit precomp gemm,331,inception3b.branch2.0.conv,256,128,1,1,0,1.002305606007576,0.008493092011719081,1.6161808818585497
googlenet,implicit precomp gemm,331,inception3b.branch2.1.conv,128,192,3,1,1,1.0483103930950164,0.011804092020944673,1.690361907006016
googlenet,implicit precomp gemm,331,inception3b.branch3.0.conv,256,32,1,1,0,0.6801968008279801,0.011223070688567286,1.0967922944962756
googlenet,implicit precomp gemm,331,inception3b.branch3.1.conv,32,96,3,1,1,0.4754671961069107,0.009788482876574005,0.7666733456273522
googlenet,implicit precomp gemm,331,inception3b.branch4.1.conv,256,64,1,1,0,0.8564175963401794,0.011925796291781325,1.3809418382937677
googlenet,implicit precomp gemm,331,inception4a.branch1.conv,480,192,1,1,0,0.7861856043338775,0.00726614527802749,1.267695337331296
googlenet,implicit precomp gemm,331,inception4a.branch2.0.conv,480,96,1,1,0,0.7105103969573975,0.009708964236985487,1.145671852019548
googlenet,implicit precomp gemm,331,inception4a.branch2.1.conv,96,208,3,1,1,0.6585520029067993,0.007667289801128986,1.0618908548732395
googlenet,implicit precomp gemm,331,inception4a.branch3.0.conv,480,16,1,1,0,0.38338879942893983,0.0042213544983958715,0.6182003215804334
googlenet,implicit precomp gemm,331,inception4a.branch3.1.conv,16,48,3,1,1,0.21195679977536203,0.007866928355774981,0.3417725347674763
googlenet,implicit precomp gemm,331,inception4a.branch4.1.conv,480,64,1,1,0,0.5132223933935165,0.0066513002119515195,0.8275522109950362
googlenet,implicit precomp gemm,331,inception4b.branch1.conv,512,160,1,1,0,0.7405632048845291,0.008339671461812167,1.1941308981696201
googlenet,implicit precomp gemm,331,inception4b.branch2.0.conv,512,112,1,1,0,0.7086720019578934,0.00953710728538564,1.142707507777937
googlenet,implicit precomp gemm,331,inception4b.branch2.1.conv,112,224,3,1,1,0.679654398560524,0.00932458424834678,1.0959176908128432
googlenet,implicit precomp gemm,331,inception4b.branch3.0.conv,512,24,1,1,0,0.39286080151796343,0.007831781460528462,0.6334735761621189
googlenet,implicit precomp gemm,331,inception4b.branch3.1.conv,24,64,3,1,1,0.2227455995976925,0.007389862834667157,0.35916907720576896
googlenet,implicit precomp gemm,331,inception4b.branch4.1.conv,512,64,1,1,0,0.7122175991535187,0.009241646849976415,1.1484246526966073
googlenet,implicit precomp gemm,331,inception4c.branch1.conv,512,128,1,1,0,0.7368671983480454,0.008730442447631171,1.1881712237273283
googlenet,implicit precomp gemm,331,inception4c.branch2.0.conv,512,128,1,1,0,0.7246575981378556,0.007387576064662615,1.1684836929816451
googlenet,implicit precomp gemm,331,inception4c.branch2.1.conv,128,256,3,1,1,0.7127599984407424,0.009450630687014981,1.1492992515745248
googlenet,implicit precomp gemm,331,inception4c.branch3.0.conv,512,24,1,1,0,0.39047359973192214,0.0071388310127758915,0.6296243011858903
googlenet,implicit precomp gemm,331,inception4c.branch3.1.conv,24,64,3,1,1,0.22679199874401093,0.0049805821815892245,0.36569374682893696
googlenet,implicit precomp gemm,331,inception4c.branch4.1.conv,512,64,1,1,0,0.7052335977554322,0.006193541365038355,1.1371632076135838
googlenet,implicit precomp gemm,331,inception4d.branch1.conv,512,112,1,1,0,0.7261152029037475,0.0073677431752762965,1.1708340269933681
googlenet,implicit precomp gemm,331,inception4d.branch2.0.conv,512,144,1,1,0,0.730256000161171,0.013289269839952286,1.1775109100946781
googlenet,implicit precomp gemm,331,inception4d.branch2.1.conv,144,288,3,1,1,0.9131440043449401,0.0049150853639898,1.4724110823689216
googlenet,implicit precomp gemm,331,inception4d.branch3.0.conv,512,32,1,1,0,0.4070367991924286,0.01047464055093849,0.6563318504104309
googlenet,implicit precomp gemm,331,inception4d.branch3.1.conv,32,64,3,1,1,0.34561760127544405,0.004688984100986005,0.5572956554040881
googlenet,implicit precomp gemm,331,inception4d.branch4.1.conv,512,64,1,1,0,0.712169599533081,0.0059254224058587985,1.1483472550761382
googlenet,implicit precomp gemm,331,inception4e.branch1.conv,528,256,1,1,0,0.6992592006921768,0.008719675902889204,1.1275297123438865
googlenet,implicit precomp gemm,331,inception4e.branch2.0.conv,528,160,1,1,0,0.7830287992954255,0.0084812932567565,1.2626051054496015
googlenet,implicit precomp gemm,331,inception4e.branch2.1.conv,160,320,3,1,1,0.9770432054996491,0.005735316778833665,1.5754461912751105
googlenet,implicit precomp gemm,331,inception4e.branch3.0.conv,528,32,1,1,0,0.4085599988698959,0.00877263513676234,0.6587879538016727
googlenet,implicit precomp gemm,331,inception4e.branch3.1.conv,32,128,3,1,1,0.36899360120296476,0.009196986130871969,0.594988594514418
googlenet,implicit precomp gemm,331,inception4e.branch4.1.conv,528,128,1,1,0,0.7614719986915588,0.011377543716903074,1.2278455582604153
googlenet,implicit precomp gemm,331,inception5a.branch1.conv,832,256,1,1,0,0.749881598353386,0.006293290666455923,1.209156464507606
googlenet,implicit precomp gemm,331,inception5a.branch2.0.conv,832,160,1,1,0,0.49885440319776536,0.0067659700125934676,0.8043843558758774
googlenet,implicit precomp gemm,331,inception5a.branch2.1.conv,160,320,3,1,1,0.7168256044387817,0.0076796408895647,1.1558548915388402
googlenet,implicit precomp gemm,331,inception5a.branch3.0.conv,832,32,1,1,0,0.44793440103530885,0.00885307245945223,0.722277727412566
googlenet,implicit precomp gemm,331,inception5a.branch3.1.conv,32,128,3,1,1,0.317289599776268,0.008663410981483871,0.5116177961066688
googlenet,implicit precomp gemm,331,inception5a.branch4.1.conv,832,128,1,1,0,0.48772480338811874,0.005502301714576857,0.7864382860072914
googlenet,implicit precomp gemm,331,inception5b.branch1.conv,832,384,1,1,0,0.7595488011837006,0.006964800649926958,1.2247444730967603
googlenet,implicit precomp gemm,331,inception5b.branch2.0.conv,832,192,1,1,0,0.7016768038272858,0.007843520233368635,1.13142800837602
googlenet,implicit precomp gemm,331,inception5b.branch2.1.conv,192,384,3,1,1,0.9793488025665283,0.011002978920229896,1.5791638816466151
googlenet,implicit precomp gemm,331,inception5b.branch3.0.conv,832,48,1,1,0,0.4553712010383606,0.010179351963021135,0.7342692935727247
googlenet,implicit precomp gemm,331,inception5b.branch3.1.conv,48,128,3,1,1,0.314579202234745,0.007257331944783983,0.5072473798757405
googlenet,implicit precomp gemm,331,inception5b.branch4.1.conv,832,128,1,1,0,0.488033601641655,0.008684623631506221,0.7869362118202623
googlenet,implicit precomp gemm,334,conv1.conv,3,64,7,2,3,1.542707198858261,0.1950898070110711,2.256016005397974
googlenet,implicit precomp gemm,334,conv2.conv,64,64,1,1,0,1.0075983941555022,0.010736272485670427,1.4734864178441938
googlenet,implicit precomp gemm,334,conv3.conv,64,192,3,1,1,1.9034528017044068,0.010382970129281055,2.7835612547493507
googlenet,implicit precomp gemm,334,inception3a.branch1.conv,192,64,1,1,0,0.5567360013723374,0.016724718339367152,0.8141566531917501
googlenet,implicit precomp gemm,334,inception3a.branch2.0.conv,192,96,1,1,0,0.8433568030595779,0.017773955429022503,1.2333036673270115
googlenet,implicit precomp gemm,334,inception3a.branch2.1.conv,96,128,3,1,1,0.766964802145958,0.016597547920680383,1.1215899365081943
googlenet,implicit precomp gemm,334,inception3a.branch3.0.conv,192,16,1,1,0,0.44268480092287066,0.006334665878345189,0.6473710610591178
googlenet,implicit precomp gemm,334,inception3a.branch3.1.conv,16,32,3,1,1,0.25210719779133794,0.006477540334699715,0.3686751923593939
googlenet,implicit precomp gemm,334,inception3a.branch4.1.conv,192,32,1,1,0,0.6811103969812393,0.015708432212899193,0.99603862493794
googlenet,implicit precomp gemm,334,inception3b.branch1.conv,256,128,1,1,0,1.0410288155078888,0.011159515116742161,1.5223742208530857
googlenet,implicit precomp gemm,334,inception3b.branch2.0.conv,256,128,1,1,0,0.9900640040636063,0.015784959083395347,1.4478445690724466
googlenet,implicit precomp gemm,334,inception3b.branch2.1.conv,128,192,3,1,1,1.05281600356102,0.013414437609615793,1.539611506662201
googlenet,implicit precomp gemm,334,inception3b.branch3.0.conv,256,32,1,1,0,0.6813456058502197,0.008579961331712944,0.9963825884414644
googlenet,implicit precomp gemm,334,inception3b.branch3.1.conv,32,96,3,1,1,0.4716128006577492,0.009427802418609302,0.6896746365232979
googlenet,implicit precomp gemm,334,inception3b.branch4.1.conv,256,64,1,1,0,0.8545392036437989,0.015646523269158833,1.2496565272316291
googlenet,implicit precomp gemm,334,inception4a.branch1.conv,480,192,1,1,0,0.7799616008996964,0.008110615852078578,1.1405961264249007
googlenet,implicit precomp gemm,334,inception4a.branch2.0.conv,480,96,1,1,0,0.7087007939815522,0.008587691362027137,1.0363861239799206
googlenet,implicit precomp gemm,334,inception4a.branch2.1.conv,96,208,3,1,1,0.6546095937490464,0.00569241482290707,0.9572845202757095
googlenet,implicit precomp gemm,334,inception4a.branch3.0.conv,480,16,1,1,0,0.3836479976773262,0.005575827847008939,0.561037132541736
googlenet,implicit precomp gemm,334,inception4a.branch3.1.conv,16,48,3,1,1,0.21065919995307922,0.007256085355087563,0.30806268819527516
googlenet,implicit precomp gemm,334,inception4a.branch4.1.conv,480,64,1,1,0,0.5266191989183426,0.05031153518419514,0.7701146026860509
googlenet,implicit precomp gemm,334,inception4b.branch1.conv,512,160,1,1,0,0.7426576018333435,0.010019130663024234,1.0860437012976132
googlenet,implicit precomp gemm,334,inception4b.branch2.0.conv,512,112,1,1,0,0.7102480083703995,0.015244191722390393,1.0386487311860093
googlenet,implicit precomp gemm,334,inception4b.branch2.1.conv,112,224,3,1,1,0.6814624041318893,0.013614537266781135,0.9965533912957224
googlenet,implicit precomp gemm,334,inception4b.branch3.0.conv,512,24,1,1,0,0.39036639630794523,0.007910594437686115,0.5708619488468247
googlenet,implicit precomp gemm,334,inception4b.branch3.1.conv,24,64,3,1,1,0.22881760001182555,0.007799250790055183,0.33461707336653085
googlenet,implicit precomp gemm,334,inception4b.branch4.1.conv,512,64,1,1,0,0.7107839971780777,0.010584705955751525,1.0394325476676665
googlenet,implicit precomp gemm,334,inception4c.branch1.conv,512,128,1,1,0,0.7362607985734939,0.010866309166867174,1.0766891779322698
googlenet,implicit precomp gemm,334,inception4c.branch2.0.conv,512,128,1,1,0,0.7256896048784256,0.008360540584528665,1.0612301315300192
googlenet,implicit precomp gemm,334,inception4c.branch2.1.conv,128,256,3,1,1,0.7157376050949097,0.01480389269985807,1.0466765786497672
googlenet,implicit precomp gemm,334,inception4c.branch3.0.conv,512,24,1,1,0,0.3929360002279282,0.005790749702039968,0.5746196726555327
googlenet,implicit precomp gemm,334,inception4c.branch3.1.conv,24,64,3,1,1,0.22447679787874222,0.003911730536631882,0.32826919406983135
googlenet,implicit precomp gemm,334,inception4c.branch4.1.conv,512,64,1,1,0,0.707272008061409,0.008211466561913147,1.0342967035723956
googlenet,implicit precomp gemm,334,inception4d.branch1.conv,512,112,1,1,0,0.7204447984695435,0.00959322304483824,1.053560259235128
googlenet,implicit precomp gemm,334,inception4d.branch2.0.conv,512,144,1,1,0,0.7264944076538086,0.005541585239467995,1.062407054761982
googlenet,implicit precomp gemm,334,inception4d.branch2.1.conv,144,288,3,1,1,0.9114559978246689,0.00851380467249691,1.3328902080901979
googlenet,implicit precomp gemm,334,inception4d.branch3.0.conv,512,32,1,1,0,0.40455359816551206,0.007552598848595902,0.591608954167193
googlenet,implicit precomp gemm,334,inception4d.branch3.1.conv,32,64,3,1,1,0.3461312010884285,0.007306582882698582,0.5061735176973552
googlenet,implicit precomp gemm,334,inception4d.branch4.1.conv,512,64,1,1,0,0.7119295984506607,0.005774231528788853,1.04110784600598
googlenet,implicit precomp gemm,334,inception4e.branch1.conv,528,256,1,1,0,0.6936847984790802,0.005803693347946039,1.0144271117865293
googlenet,implicit precomp gemm,334,inception4e.branch2.0.conv,528,160,1,1,0,0.7834351986646653,0.011057809217445527,1.1456758279780435
googlenet,implicit precomp gemm,334,inception4e.branch2.1.conv,160,320,3,1,1,0.9760591983795166,0.006478174476071249,1.427364295304892
googlenet,implicit precomp gemm,334,inception4e.branch3.0.conv,528,32,1,1,0,0.4065536007285118,0.008449815958576815,0.5945337073519216
googlenet,implicit precomp gemm,334,inception4e.branch3.1.conv,32,128,3,1,1,0.3713551998138428,0.005570853996094186,0.5430604557286213
googlenet,implicit precomp gemm,334,inception4e.branch4.1.conv,528,128,1,1,0,0.7561632007360458,0.009133892203316842,1.1057939476888474
googlenet,implicit precomp gemm,334,inception5a.branch1.conv,832,256,1,1,0,0.7490656077861786,0.005375099287257546,1.0954146071979554
googlenet,implicit precomp gemm,334,inception5a.branch2.0.conv,832,160,1,1,0,0.5037535995244979,0.0088937016783917,0.7366765282130017
googlenet,implicit precomp gemm,334,inception5a.branch2.1.conv,160,320,3,1,1,0.7157824009656906,0.006434419123084986,1.0467420869986828
googlenet,implicit precomp gemm,334,inception5a.branch3.0.conv,832,32,1,1,0,0.4477120012044907,0.007515397168993677,0.6547227116549468
googlenet,implicit precomp gemm,334,inception5a.branch3.1.conv,32,128,3,1,1,0.31909440010786055,0.00788244055269418,0.4666355834788185
googlenet,implicit precomp gemm,334,inception5a.branch4.1.conv,832,128,1,1,0,0.4897919982671738,0.008716441576865904,0.7162594355068688
googlenet,implicit precomp gemm,334,inception5b.branch1.conv,832,384,1,1,0,0.7621856063604355,0.0064236512720118825,1.114600961417491
googlenet,implicit precomp gemm,334,inception5b.branch2.0.conv,832,192,1,1,0,0.7018240064382553,0.010000069982704671,1.0263296837332676
googlenet,implicit precomp gemm,334,inception5b.branch2.1.conv,192,384,3,1,1,1.0002271980047226,0.10592610403884975,1.4627069669494328
googlenet,implicit precomp gemm,334,inception5b.branch3.0.conv,832,48,1,1,0,0.45588479936122894,0.009224646917307759,0.6666744050573852
googlenet,implicit precomp gemm,334,inception5b.branch3.1.conv,48,128,3,1,1,0.3162032008171082,0.0067258958125310225,0.4624075667303649
googlenet,implicit precomp gemm,334,inception5b.branch4.1.conv,832,128,1,1,0,0.4854015991091728,0.008552834490444897,0.7098390267748252
googlenet,implicit precomp gemm,337,conv1.conv,3,64,7,2,3,1.5192079842090607,0.025045351439274183,2.3103378594492923
googlenet,implicit precomp gemm,337,conv2.conv,64,64,1,1,0,1.0009375989437104,0.007188111779896312,1.5221773804657013
googlenet,implicit precomp gemm,337,conv3.conv,64,192,3,1,1,1.9198736011981965,0.009210283191091836,2.9196507076776013
googlenet,implicit precomp gemm,337,inception3a.branch1.conv,192,64,1,1,0,0.5752480000257492,0.0062225481650422,0.8748092735465032
googlenet,implicit precomp gemm,337,inception3a.branch2.0.conv,192,96,1,1,0,1.0223839938640595,0.01341675783518624,1.5547920182560495
googlenet,implicit precomp gemm,337,inception3a.branch2.1.conv,96,128,3,1,1,0.7770495980978012,0.020135555993187428,1.1816993616511695
googlenet,implicit precomp gemm,337,inception3a.branch3.0.conv,192,16,1,1,0,0.44811040014028547,0.011609255600275053,0.681464574579675
googlenet,implicit precomp gemm,337,inception3a.branch3.1.conv,16,32,3,1,1,0.25075680017471313,0.009805835180952457,0.38133878638059987
googlenet,implicit precomp gemm,337,inception3a.branch4.1.conv,192,32,1,1,0,0.7074224084615708,0.025885091034590788,1.0758137067996467
googlenet,implicit precomp gemm,337,inception3b.branch1.conv,256,128,1,1,0,1.0714831948280334,0.05123753955311189,1.6294597030199864
googlenet,implicit precomp gemm,337,inception3b.branch2.0.conv,256,128,1,1,0,1.0250463962554932,0.046564655236546536,1.5588408707541623
googlenet,implicit precomp gemm,337,inception3b.branch2.1.conv,128,192,3,1,1,1.0747631907463073,0.043891932100049304,1.6344477618161442
googlenet,implicit precomp gemm,337,inception3b.branch3.0.conv,256,32,1,1,0,0.697790402173996,0.0380767818799547,1.0611658185447523
googlenet,implicit precomp gemm,337,inception3b.branch3.1.conv,32,96,3,1,1,0.4834431990981102,0.030399790682522,0.7351969824929153
googlenet,implicit precomp gemm,337,inception3b.branch4.1.conv,256,64,1,1,0,0.8827456027269364,0.037502968602972454,1.3424367219240305
googlenet,implicit precomp gemm,337,inception4a.branch1.conv,480,192,1,1,0,0.803742402791977,0.03626501862325376,1.2222924851081574
googlenet,implicit precomp gemm,337,inception4a.branch2.0.conv,480,96,1,1,0,0.7252527981996536,0.03739670534848444,1.102929299193058
googlenet,implicit precomp gemm,337,inception4a.branch2.1.conv,96,208,3,1,1,0.7304479986429214,0.03839213275463452,1.1108299081921336
googlenet,implicit precomp gemm,337,inception4a.branch3.0.conv,480,16,1,1,0,0.4904463976621628,0.031870562861580624,0.7458471073921702
googlenet,implicit precomp gemm,337,inception4a.branch3.1.conv,16,48,3,1,1,0.2284623995423317,0.013193839960086235,0.34743454261009515
googlenet,implicit precomp gemm,337,inception4a.branch4.1.conv,480,64,1,1,0,0.7149551987648011,0.03787539858252123,1.0872692091441174
googlenet,implicit precomp gemm,337,inception4b.branch1.conv,512,160,1,1,0,0.7749727994203568,0.04222258765533952,1.1785410668944105
googlenet,implicit precomp gemm,337,inception4b.branch2.0.conv,512,112,1,1,0,0.7409440040588379,0.041151116091235125,1.1267917244394337
googlenet,implicit precomp gemm,337,inception4b.branch2.1.conv,112,224,3,1,1,0.6982128024101257,0.036704596862433964,1.0618081843481935
googlenet,implicit precomp gemm,337,inception4b.branch3.0.conv,512,24,1,1,0,0.5194703951478005,0.03526855774013712,0.7899853958428728
googlenet,implicit precomp gemm,337,inception4b.branch3.1.conv,24,64,3,1,1,0.23780959993600845,0.015748847584770385,0.3616493118673893
googlenet,implicit precomp gemm,337,inception4b.branch4.1.conv,512,64,1,1,0,0.7388688027858734,0.04308184608724673,1.1236358589379742
googlenet,implicit precomp gemm,337,inception4c.branch1.conv,512,128,1,1,0,0.781403198838234,0.040400422411316014,1.1883201066183473
googlenet,implicit precomp gemm,337,inception4c.branch2.0.conv,512,128,1,1,0,0.7457632005214692,0.04025320860992293,1.134120524811384
googlenet,implicit precomp gemm,337,inception4c.branch2.1.conv,128,256,3,1,1,0.7835408031940461,0.03141815067025102,1.1915708717032396
googlenet,implicit precomp gemm,337,inception4c.branch3.0.conv,512,24,1,1,0,0.5141151994466782,0.015392704186933842,0.7818414738113516
googlenet,implicit precomp gemm,337,inception4c.branch3.1.conv,24,64,3,1,1,0.23579199984669685,0.007217694484254326,0.3585810434538371
googlenet,implicit precomp gemm,337,inception4c.branch4.1.conv,512,64,1,1,0,0.734905606508255,0.01682897831644302,1.1176088221531608
googlenet,implicit precomp gemm,337,inception4d.branch1.conv,512,112,1,1,0,0.7463488012552262,0.02182113142379232,1.135011078020545
googlenet,implicit precomp gemm,337,inception4d.branch2.0.conv,512,144,1,1,0,0.743438395857811,0.01955984781048993,1.1305850745727717
googlenet,implicit precomp gemm,337,inception4d.branch2.1.conv,144,288,3,1,1,1.0001824021339416,0.01882798505260254,1.5210289137652366
googlenet,implicit precomp gemm,337,inception4d.branch3.0.conv,512,32,1,1,0,0.5280896008014679,0.013781387724075684,0.803093065988784
googlenet,implicit precomp gemm,337,inception4d.branch3.1.conv,32,64,3,1,1,0.3384976014494896,0.011563168601719586,0.5147707437627022
googlenet,implicit precomp gemm,337,inception4d.branch4.1.conv,512,64,1,1,0,0.7383776038885117,0.018654834778930804,1.1228888674655162
googlenet,implicit precomp gemm,337,inception4e.branch1.conv,528,256,1,1,0,0.824593597650528,0.020295954155501776,1.254001971496583
googlenet,implicit precomp gemm,337,inception4e.branch2.0.conv,528,160,1,1,0,0.7633327960968017,0.02324064298242841,1.1608395140839665
googlenet,implicit precomp gemm,337,inception4e.branch2.1.conv,160,320,3,1,1,1.0656751930713653,0.02120669811127015,1.6206271754887647
googlenet,implicit precomp gemm,337,inception4e.branch3.0.conv,528,32,1,1,0,0.7015487968921661,0.014690224089897229,1.0668814030456217
googlenet,implicit precomp gemm,337,inception4e.branch3.1.conv,32,128,3,1,1,0.3885391980409622,0.011184141848583158,0.5908715781147272
googlenet,implicit precomp gemm,337,inception4e.branch4.1.conv,528,128,1,1,0,0.7889983981847764,0.012492564271343407,1.1998705176106361
googlenet,implicit precomp gemm,337,inception5a.branch1.conv,832,256,1,1,0,0.7584848046302796,0.012700435077513433,1.153466923665924
googlenet,implicit precomp gemm,337,inception5a.branch2.0.conv,832,160,1,1,0,0.5128672003746033,0.008056880351836833,0.7799435773187438
googlenet,implicit precomp gemm,337,inception5a.branch2.1.conv,160,320,3,1,1,0.8575727999210357,0.014090284433170307,1.3041551436573116
googlenet,implicit precomp gemm,337,inception5a.branch3.0.conv,832,32,1,1,0,0.46303999722003936,0.011612702392433895,0.7041687821129422
googlenet,implicit precomp gemm,337,inception5a.branch3.1.conv,32,128,3,1,1,0.3258624002337456,0.008688070347475523,0.49555574223959525
googlenet,implicit precomp gemm,337,inception5a.branch4.1.conv,832,128,1,1,0,0.5057247996330261,0.009952055545407833,0.7690817604956736
googlenet,implicit precomp gemm,337,inception5b.branch1.conv,832,384,1,1,0,0.7752879947423935,0.004373030634601382,1.17902040066121
googlenet,implicit precomp gemm,337,inception5b.branch2.0.conv,832,192,1,1,0,0.7113887995481492,0.007521130793177553,1.0818456020950595
googlenet,implicit precomp gemm,337,inception5b.branch2.1.conv,192,384,3,1,1,0.9852880001068115,0.0049506836479873,1.498378229161935
googlenet,implicit precomp gemm,337,inception5b.branch3.0.conv,832,48,1,1,0,0.4581920012831688,0.007832086908168657,0.6967961848966105
googlenet,implicit precomp gemm,337,inception5b.branch3.1.conv,48,128,3,1,1,0.31997439861297605,0.0067021136547434895,0.4866015547930062
googlenet,implicit precomp gemm,337,inception5b.branch4.1.conv,832,128,1,1,0,0.49951840192079544,0.00686300126711792,0.7596433717073003
googlenet,implicit precomp gemm,340,conv1.conv,3,64,7,2,3,1.6246623873710633,0.3680905479770985,2.4624235448142926
googlenet,implicit precomp gemm,340,conv2.conv,64,64,1,1,0,1.1854975998401642,0.011047869778765079,1.796802354051498
googlenet,implicit precomp gemm,340,conv3.conv,64,192,3,1,1,1.9430415987968446,0.02035945301885797,2.944975779966884
googlenet,implicit precomp gemm,340,inception3a.branch1.conv,192,64,1,1,0,0.571372801065445,0.016511816781281052,0.8660025917672105
googlenet,implicit precomp gemm,340,inception3a.branch2.0.conv,192,96,1,1,0,1.0068976044654847,0.00712534417274545,1.5261068316260813
googlenet,implicit precomp gemm,340,inception3a.branch2.1.conv,96,128,3,1,1,0.7774320006370544,0.009255637951881642,1.1783167245956148
googlenet,implicit precomp gemm,340,inception3a.branch3.0.conv,192,16,1,1,0,0.44362400025129317,0.006823760641088187,0.6723798074941157
googlenet,implicit precomp gemm,340,inception3a.branch3.1.conv,16,32,3,1,1,0.25012960135936735,0.006487679284524431,0.37910954573089756
googlenet,implicit precomp gemm,340,inception3a.branch4.1.conv,192,32,1,1,0,0.695779201388359,0.011289525662575553,1.0545594585119624
googlenet,implicit precomp gemm,340,inception3b.branch1.conv,256,128,1,1,0,1.045603197813034,0.01380126586749989,1.5847710594163469
googlenet,implicit precomp gemm,340,inception3b.branch2.0.conv,256,128,1,1,0,1.0127808034420014,0.014030621550203681,1.5350237166301368
googlenet,implicit precomp gemm,340,inception3b.branch2.1.conv,128,192,3,1,1,1.0555983901023864,0.011101256011638229,1.5999202972023423
googlenet,implicit precomp gemm,340,inception3b.branch3.0.conv,256,32,1,1,0,0.6836143970489502,0.010462579827221668,1.0361218428840837
googlenet,implicit precomp gemm,340,inception3b.branch3.1.conv,32,96,3,1,1,0.4745775982737541,0.00708955929904441,0.7192947044965392
googlenet,implicit precomp gemm,340,inception3b.branch4.1.conv,256,64,1,1,0,0.8613296002149582,0.01393156724562855,1.3054763278214432
googlenet,implicit precomp gemm,340,inception4a.branch1.conv,480,192,1,1,0,0.7877103984355927,0.009622856589860996,1.1938952035084198
googlenet,implicit precomp gemm,340,inception4a.branch2.0.conv,480,96,1,1,0,0.714057594537735,0.008715845225936346,1.0822631500618276
googlenet,implicit precomp gemm,340,inception4a.branch2.1.conv,96,208,3,1,1,0.7242480039596557,0.012856560876575033,1.0977082691751219
googlenet,implicit precomp gemm,340,inception4a.branch3.0.conv,480,16,1,1,0,0.48500639796257017,0.010048347319882725,0.7351011404043999
googlenet,implicit precomp gemm,340,inception4a.branch3.1.conv,16,48,3,1,1,0.22520799785852433,0.005331963522113722,0.34133705606656567
googlenet,implicit precomp gemm,340,inception4a.branch4.1.conv,480,64,1,1,0,0.7066383987665177,0.007707897193548068,1.0710182277366458
googlenet,implicit precomp gemm,340,inception4b.branch1.conv,512,160,1,1,0,0.7697503924369812,0.010353698103716391,1.1666740762269856
googlenet,implicit precomp gemm,340,inception4b.branch2.0.conv,512,112,1,1,0,0.7335200101137161,0.009002459469492264,1.1117614081158012
googlenet,implicit precomp gemm,340,inception4b.branch2.1.conv,112,224,3,1,1,0.6884527951478958,0.006304606813970224,1.0434551728673718
googlenet,implicit precomp gemm,340,inception4b.branch3.0.conv,512,24,1,1,0,0.51129280179739,0.006541646181216974,0.7749421930529423
googlenet,implicit precomp gemm,340,inception4b.branch3.1.conv,24,64,3,1,1,0.23539359942078592,0.003940866429394308,0.35677488813553804
googlenet,implicit precomp gemm,340,inception4b.branch4.1.conv,512,64,1,1,0,0.7332416027784348,0.008908953017060982,1.1113394393530756
googlenet,implicit precomp gemm,340,inception4c.branch1.conv,512,128,1,1,0,0.7613200008869171,0.007648493217218708,1.153896532531601
googlenet,implicit precomp gemm,340,inception4c.branch2.0.conv,512,128,1,1,0,0.7501935988664628,0.007428253855861075,1.1370327739333794
googlenet,implicit precomp gemm,340,inception4c.branch2.1.conv,128,256,3,1,1,0.781615999341011,0.006441668340522796,1.1846582125257725
googlenet,implicit precomp gemm,340,inception4c.branch3.0.conv,512,24,1,1,0,0.5133855998516083,0.010877819824095738,0.7781141475730364
googlenet,implicit precomp gemm,340,inception4c.branch3.1.conv,24,64,3,1,1,0.23503840193152428,0.00463312540739667,0.35623653218699414
googlenet,implicit precomp gemm,340,inception4c.branch4.1.conv,512,64,1,1,0,0.7336991995573043,0.007446437468835323,1.1120329970368619
googlenet,implicit precomp gemm,340,inception4d.branch1.conv,512,112,1,1,0,0.7486527979373931,0.010677956324282313,1.1346974552141764
googlenet,implicit precomp gemm,340,inception4d.branch2.0.conv,512,144,1,1,0,0.7460624039173126,0.007625893883906756,1.1307713181441148
googlenet,implicit precomp gemm,340,inception4d.branch2.1.conv,144,288,3,1,1,0.991089603304863,0.005012206547256359,1.5021473957722393
googlenet,implicit precomp gemm,340,inception4d.branch3.0.conv,512,32,1,1,0,0.529312002658844,0.006596349644120387,0.8022530391738898
googlenet,implicit precomp gemm,340,inception4d.branch3.1.conv,32,64,3,1,1,0.3390607997775078,0.007317144439658218,0.5138983354238329
googlenet,implicit precomp gemm,340,inception4d.branch4.1.conv,512,64,1,1,0,0.7355455994606018,0.00647533962582543,1.1148314975932632
googlenet,implicit precomp gemm,340,inception4e.branch1.conv,528,256,1,1,0,0.8083504050970077,0.00942900431141165,1.2251782803884317
googlenet,implicit precomp gemm,340,inception4e.branch2.0.conv,528,160,1,1,0,0.7574207991361618,0.005173472156445949,1.1479866978042903
googlenet,implicit precomp gemm,340,inception4e.branch2.1.conv,160,320,3,1,1,1.0584063947200775,0.005706372908335057,1.6041762563100919
googlenet,implicit precomp gemm,340,inception4e.branch3.0.conv,528,32,1,1,0,0.7063807994127274,0.0077125559268188225,1.070627796642264
googlenet,implicit precomp gemm,340,inception4e.branch3.1.conv,32,128,3,1,1,0.3886879995465279,0.006917378111670364,0.5891159228588321
googlenet,implicit precomp gemm,340,inception4e.branch4.1.conv,528,128,1,1,0,0.7878624022006988,0.007117355684013276,1.1941255883890003
googlenet,implicit precomp gemm,340,inception5a.branch1.conv,832,256,1,1,0,0.7590272009372712,0.008664130206351527,1.150421444646608
googlenet,implicit precomp gemm,340,inception5a.branch2.0.conv,832,160,1,1,0,0.5148255974054337,0.005773647852462866,0.7802966834085293
googlenet,implicit precomp gemm,340,inception5a.branch2.1.conv,160,320,3,1,1,0.8497759997844696,0.004415719576643315,1.2879650849019544
googlenet,implicit precomp gemm,340,inception5a.branch3.0.conv,832,32,1,1,0,0.4665808007121086,0.010636873773193162,0.7071743385965364
googlenet,implicit precomp gemm,340,inception5a.branch3.1.conv,32,128,3,1,1,0.3209200009703636,0.005315454362845172,0.48640318907731483
googlenet,implicit precomp gemm,340,inception5a.branch4.1.conv,832,128,1,1,0,0.5012848004698753,0.0053055141401429536,0.75977354121674
googlenet,implicit precomp gemm,340,inception5b.branch1.conv,832,384,1,1,0,0.7780112028121948,0.006355599785930953,1.1791945937974624
googlenet,implicit precomp gemm,340,inception5b.branch2.0.conv,832,192,1,1,0,0.7148704051971435,0.006836405181663282,1.0834950885376375
googlenet,implicit precomp gemm,340,inception5b.branch2.1.conv,192,384,3,1,1,0.9875455975532532,0.005454370112959576,1.4967759147349744
googlenet,implicit precomp gemm,340,inception5b.branch3.0.conv,832,48,1,1,0,0.460174398124218,0.008607295416404478,0.6974644587515874
googlenet,implicit precomp gemm,340,inception5b.branch3.1.conv,48,128,3,1,1,0.3190783992409706,0.006345597089293111,0.4836119608849973
googlenet,implicit precomp gemm,340,inception5b.branch4.1.conv,832,128,1,1,0,0.4975423991680145,0.00778211407924514,0.7541013614755955
googlenet,implicit precomp gemm,343,conv1.conv,3,64,7,2,3,1.533347201347351,0.03440502596011851,2.2611942676100694
googlenet,implicit precomp gemm,343,conv2.conv,64,64,1,1,0,1.0225952029228211,0.013840311371393892,1.507999237813089
googlenet,implicit precomp gemm,343,conv3.conv,64,192,3,1,1,1.9482512056827546,0.01937406596911829,2.87304431395789
googlenet,implicit precomp gemm,343,inception3a.branch1.conv,192,64,1,1,0,0.8906383961439133,0.014691663610833138,1.3134053618804824
googlenet,implicit precomp gemm,343,inception3a.branch2.0.conv,192,96,1,1,0,1.0205392003059388,0.01314232296761628,1.5049672948014865
googlenet,implicit precomp gemm,343,inception3a.branch2.1.conv,96,128,3,1,1,0.9386288046836853,0.010425993825351481,1.3841757892142559
googlenet,implicit precomp gemm,343,inception3a.branch3.0.conv,192,16,1,1,0,0.7335680037736892,0.00850070558129832,1.0817770193063216
googlenet,implicit precomp gemm,343,inception3a.branch3.1.conv,16,32,3,1,1,0.28827199786901475,0.005772089068755844,0.42510853935830567
googlenet,implicit precomp gemm,343,inception3a.branch4.1.conv,192,32,1,1,0,0.8067791998386383,0.01641891932357254,1.1897400016768347
googlenet,implicit precomp gemm,343,inception3b.branch1.conv,256,128,1,1,0,1.1134592115879058,0.012376453617422642,1.6419944447336239
googlenet,implicit precomp gemm,343,inception3b.branch2.0.conv,256,128,1,1,0,1.076990407705307,0.013213471622721936,1.58821468095053
googlenet,implicit precomp gemm,343,inception3b.branch2.1.conv,128,192,3,1,1,1.067735993862152,0.017221316063094974,1.5745673951213026
googlenet,implicit precomp gemm,343,inception3b.branch3.0.conv,256,32,1,1,0,0.9732800006866456,0.008847188840885567,1.4352751655974247
googlenet,implicit precomp gemm,343,inception3b.branch3.1.conv,32,96,3,1,1,0.6509919971227646,0.010132188324448153,0.960003951395068
googlenet,implicit precomp gemm,343,inception3b.branch4.1.conv,256,64,1,1,0,1.0435584008693695,0.01761879989025696,1.5389132167122308
googlenet,implicit precomp gemm,343,inception4a.branch1.conv,480,192,1,1,0,0.7858016014099121,0.008761345915391265,1.1588047866951392
googlenet,implicit precomp gemm,343,inception4a.branch2.0.conv,480,96,1,1,0,0.7110160022974015,0.01052126272193986,1.0485200658801785
googlenet,implicit precomp gemm,343,inception4a.branch2.1.conv,96,208,3,1,1,0.7233727991580963,0.00819292662497629,1.0667423694803504
googlenet,implicit precomp gemm,343,inception4a.branch3.0.conv,480,16,1,1,0,0.48227680623531344,0.008732301141157812,0.7112032739240939
googlenet,implicit precomp gemm,343,inception4a.branch3.1.conv,16,48,3,1,1,0.22520639896392822,0.005854542944675799,0.3321070517615814
googlenet,implicit precomp gemm,343,inception4a.branch4.1.conv,480,64,1,1,0,0.7054159969091416,0.008574935932287472,1.040261857907847
googlenet,implicit precomp gemm,343,inception4b.branch1.conv,512,160,1,1,0,0.7641199976205826,0.00843443823630064,1.1268313900906746
googlenet,implicit precomp gemm,343,inception4b.branch2.0.conv,512,112,1,1,0,0.7329008013010025,0.00945121896741837,1.0807931101139034
googlenet,implicit precomp gemm,343,inception4b.branch2.1.conv,112,224,3,1,1,0.6899455994367599,0.0058750532306873614,1.0174479941909664
googlenet,implicit precomp gemm,343,inception4b.branch3.0.conv,512,24,1,1,0,0.5113824039697648,0.010253418355459851,0.7541246753488173
googlenet,implicit precomp gemm,343,inception4b.branch3.1.conv,24,64,3,1,1,0.2361520014703274,0.006809511289639204,0.3482482972807047
googlenet,implicit precomp gemm,343,inception4b.branch4.1.conv,512,64,1,1,0,0.7310256004333496,0.008709631616113949,1.078027791568418
googlenet,implicit precomp gemm,343,inception4c.branch1.conv,512,128,1,1,0,0.7732623964548111,0.008454051123807012,1.140313489786032
googlenet,implicit precomp gemm,343,inception4c.branch2.0.conv,512,128,1,1,0,0.7369487971067429,0.007440206075186339,1.0867626028049304
googlenet,implicit precomp gemm,343,inception4c.branch2.1.conv,128,256,3,1,1,0.7817375987768174,0.006553333485517005,1.1528116890787408
googlenet,implicit precomp gemm,343,inception4c.branch3.0.conv,512,24,1,1,0,0.5150992006063462,0.007824936128983252,0.7596057557206505
googlenet,implicit precomp gemm,343,inception4c.branch3.1.conv,24,64,3,1,1,0.23522080183029176,0.006542901586176623,0.3468750771214356
googlenet,implicit precomp gemm,343,inception4c.branch4.1.conv,512,64,1,1,0,0.7305104047060013,0.007220772671656944,1.0772680434667787
googlenet,implicit precomp gemm,343,inception4d.branch1.conv,512,112,1,1,0,0.7444431960582734,0.00800912332474967,1.0978144323797931
googlenet,implicit precomp gemm,343,inception4d.branch2.0.conv,512,144,1,1,0,0.7438064068555832,0.008891547014195778,1.096875372985069
googlenet,implicit precomp gemm,343,inception4d.branch2.1.conv,144,288,3,1,1,0.9921871989965438,0.005373182509322002,1.4631572058798485
googlenet,implicit precomp gemm,343,inception4d.branch3.0.conv,512,32,1,1,0,0.5257103979587555,0.010511619645228397,0.7752538611234344
googlenet,implicit precomp gemm,343,inception4d.branch3.1.conv,32,64,3,1,1,0.34139520227909087,0.00661413737372034,0.5034481907977129
googlenet,implicit precomp gemm,343,inception4d.branch4.1.conv,512,64,1,1,0,0.7360752016305924,0.008226225082375777,1.085474330272039
googlenet,implicit precomp gemm,343,inception4e.branch1.conv,528,256,1,1,0,0.8114576011896133,0.011566556562182405,1.1966391399196985
googlenet,implicit precomp gemm,343,inception4e.branch2.0.conv,528,160,1,1,0,0.7568575978279114,0.007956794840330001,1.116121684705064
googlenet,implicit precomp gemm,343,inception4e.branch2.1.conv,160,320,3,1,1,1.0564719915390015,0.00919579743043696,1.5579566122137696
googlenet,implicit precomp gemm,343,inception4e.branch3.0.conv,528,32,1,1,0,0.6996432036161423,0.00802086439942334,1.0317488433141806
googlenet,implicit precomp gemm,343,inception4e.branch3.1.conv,32,128,3,1,1,0.3993231996893883,0.012525073228088011,0.5888733675373305
googlenet,implicit precomp gemm,343,inception4e.branch4.1.conv,528,128,1,1,0,0.7746303915977478,0.008584390288120967,1.1423308429155834
googlenet,implicit precomp gemm,343,inception5a.branch1.conv,832,256,1,1,0,0.7551440000534058,0.007572929279363621,1.1135946787788806
googlenet,implicit precomp gemm,343,inception5a.branch2.0.conv,832,160,1,1,0,0.5151071980595588,0.0070704187134257605,0.7596175493935668
googlenet,implicit precomp gemm,343,inception5a.branch2.1.conv,160,320,3,1,1,0.8502320051193237,0.006482091447759573,1.2538189226974135
googlenet,implicit precomp gemm,343,inception5a.branch3.0.conv,832,32,1,1,0,0.461518394947052,0.006889661191629701,0.6805912895226067
googlenet,implicit precomp gemm,343,inception5a.branch3.1.conv,32,128,3,1,1,0.32244319915771485,0.005887391045375496,0.47550007781969483
googlenet,implicit precomp gemm,343,inception5a.branch4.1.conv,832,128,1,1,0,0.5028719991445542,0.009993635723488884,0.7415745636788069
googlenet,implicit precomp gemm,343,inception5b.branch1.conv,832,384,1,1,0,0.7741295963525772,0.0052503352175952145,1.141592330896498
googlenet,implicit precomp gemm,343,inception5b.branch2.0.conv,832,192,1,1,0,0.7108447968959808,0.010612186611295472,1.0482675929425842
googlenet,implicit precomp gemm,343,inception5b.branch2.1.conv,192,384,3,1,1,0.9879839956760407,0.008189050013694023,1.456958831991945
googlenet,implicit precomp gemm,343,inception5b.branch3.0.conv,832,48,1,1,0,0.45736480206251146,0.007912095339387514,0.6744660750817703
googlenet,implicit precomp gemm,343,inception5b.branch3.1.conv,48,128,3,1,1,0.3189071998000145,0.004815987615716072,0.47028561532165175
googlenet,implicit precomp gemm,343,inception5b.branch4.1.conv,832,128,1,1,0,0.49891199767589567,0.011440211728469965,0.7357348343514961
googlenet,implicit precomp gemm,346,conv1.conv,3,64,7,2,3,1.5718559861183166,0.021750864695080058,2.31968305840408
googlenet,implicit precomp gemm,346,conv2.conv,64,64,1,1,0,1.0321919977664948,0.008925773003512681,1.5232682328309515
googlenet,implicit precomp gemm,346,conv3.conv,64,192,3,1,1,1.9437056124210357,0.007397505280738801,2.8684440683350365
googlenet,implicit precomp gemm,346,inception3a.branch1.conv,192,64,1,1,0,0.8863296061754227,0.015416643896015462,1.3080102692387046
googlenet,implicit precomp gemm,346,inception3a.branch2.0.conv,192,96,1,1,0,1.0199616104364395,0.014308794845135956,1.505219109668396
googlenet,implicit precomp gemm,346,inception3a.branch2.1.conv,96,128,3,1,1,1.0834031969308853,0.6968383332794963,1.5988437004000595
googlenet,implicit precomp gemm,346,inception3a.branch3.0.conv,192,16,1,1,0,0.7296592026948929,0.008563764384728008,1.0768022680498723
googlenet,implicit precomp gemm,346,inception3a.branch3.1.conv,16,32,3,1,1,0.28940159976482394,0.005479400225353483,0.427087464741168
googlenet,implicit precomp gemm,346,inception3a.branch4.1.conv,192,32,1,1,0,0.808228799700737,0.016404156742804817,1.192752179930905
googlenet,implicit precomp gemm,346,inception3b.branch1.conv,256,128,1,1,0,1.1087807893753052,0.008284817163006993,1.6362949502450141
googlenet,implicit precomp gemm,346,inception3b.branch2.0.conv,256,128,1,1,0,1.072843211889267,0.011102280987987427,1.5832596910414578
googlenet,implicit precomp gemm,346,inception3b.branch2.1.conv,128,192,3,1,1,1.0708687901496887,0.01918426946003979,1.5803459173243408
googlenet,implicit precomp gemm,346,inception3b.branch3.0.conv,256,32,1,1,0,0.9727104067802429,0.01594676406781299,1.4354876472580542
googlenet,implicit precomp gemm,346,inception3b.branch3.1.conv,32,96,3,1,1,0.657736000418663,0.009913783346905852,0.9706608433266395
googlenet,implicit precomp gemm,346,inception3b.branch4.1.conv,256,64,1,1,0,1.038271999359131,0.010486146329032884,1.5322408593400356
googlenet,implicit precomp gemm,346,inception4a.branch1.conv,480,192,1,1,0,0.7802928000688553,0.0118653066995001,1.151525333681658
googlenet,implicit precomp gemm,346,inception4a.branch2.0.conv,480,96,1,1,0,0.7079119950532913,0.005655232488744124,1.0447085968870349
googlenet,implicit precomp gemm,346,inception4a.branch2.1.conv,96,208,3,1,1,0.7290159970521927,0.007211840371653845,1.0758530505352792
googlenet,implicit precomp gemm,346,inception4a.branch3.0.conv,480,16,1,1,0,0.4857008054852486,0.009716538527377428,0.7167780890154272
googlenet,implicit precomp gemm,346,inception4a.branch3.1.conv,16,48,3,1,1,0.22693599984049798,0.005646435734061572,0.33490319648938227
googlenet,implicit precomp gemm,346,inception4a.branch4.1.conv,480,64,1,1,0,0.7055328011512756,0.008238619114566283,1.0411974763798737
googlenet,implicit precomp gemm,346,inception4b.branch1.conv,512,160,1,1,0,0.765161594748497,0.008251463579441258,1.1291952977592532
googlenet,implicit precomp gemm,346,inception4b.branch2.0.conv,512,112,1,1,0,0.7302575945854187,0.00801689234312869,1.0776853511968005
googlenet,implicit precomp gemm,346,inception4b.branch2.1.conv,112,224,3,1,1,0.6914287954568863,0.007598935211427084,1.0203833411449381
googlenet,implicit precomp gemm,346,inception4b.branch3.0.conv,512,24,1,1,0,0.5115792021155358,0.008018349901351985,0.7549684059223731
googlenet,implicit precomp gemm,346,inception4b.branch3.1.conv,24,64,3,1,1,0.23585760071873665,0.005322970593173389,0.34806934312995336
googlenet,implicit precomp gemm,346,inception4b.branch4.1.conv,512,64,1,1,0,0.7323791980743408,0.008246504694752122,1.0808163299336357
googlenet,implicit precomp gemm,346,inception4c.branch1.conv,512,128,1,1,0,0.7676768034696579,0.012665954029215255,1.132907143571054
googlenet,implicit precomp gemm,346,inception4c.branch2.0.conv,512,128,1,1,0,0.7355824023485183,0.007017734593520912,1.0855434924428211
googlenet,implicit precomp gemm,346,inception4c.branch2.1.conv,128,256,3,1,1,0.7724255979061126,0.00783891573550168,1.139915227071942
googlenet,implicit precomp gemm,346,inception4c.branch3.0.conv,512,24,1,1,0,0.5122768118977546,0.008676661335120276,0.7559979109199564
googlenet,implicit precomp gemm,346,inception4c.branch3.1.conv,24,64,3,1,1,0.23707040175795555,0.005229709776866377,0.34985914706157073
googlenet,implicit precomp gemm,346,inception4c.branch4.1.conv,512,64,1,1,0,0.7325872004032135,0.007064349027126877,1.081123291565398
googlenet,implicit precomp gemm,346,inception4d.branch1.conv,512,112,1,1,0,0.7491167992353439,0.008691632565626677,1.1055170214692411
googlenet,implicit precomp gemm,346,inception4d.branch2.0.conv,512,144,1,1,0,0.7420239984989166,0.007474644846885955,1.0950497459362216
googlenet,implicit precomp gemm,346,inception4d.branch2.1.conv,144,288,3,1,1,0.9908944010734558,0.005076235288235934,1.462322868721471
googlenet,implicit precomp gemm,346,inception4d.branch3.0.conv,512,32,1,1,0,0.5277471989393234,0.008949236474281676,0.7788284978466266
googlenet,implicit precomp gemm,346,inception4d.branch3.1.conv,32,64,3,1,1,0.3392848014831543,0.006972583476386994,0.5007031260656619
googlenet,implicit precomp gemm,346,inception4d.branch4.1.conv,512,64,1,1,0,0.7375120043754577,0.007235184378278349,1.0883911229960546
googlenet,implicit precomp gemm,346,inception4e.branch1.conv,528,256,1,1,0,0.8183759957551956,0.007770160241525802,1.2077270115857819
googlenet,implicit precomp gemm,346,inception4e.branch2.0.conv,528,160,1,1,0,0.7534912019968033,0.007885790095162468,1.1119725925050152
googlenet,implicit precomp gemm,346,inception4e.branch2.1.conv,160,320,3,1,1,1.053472000360489,0.0075796220104848095,1.5546724212146366
googlenet,implicit precomp gemm,346,inception4e.branch3.0.conv,528,32,1,1,0,0.7040031969547271,0.004889333112313975,1.038940146845786
googlenet,implicit precomp gemm,346,inception4e.branch3.1.conv,32,128,3,1,1,0.3992511972784996,0.005512251659291888,0.5891991674514442
googlenet,implicit precomp gemm,346,inception4e.branch4.1.conv,528,128,1,1,0,0.7727040022611618,0.009192399050429767,1.140326085236746
googlenet,implicit precomp gemm,346,inception5a.branch1.conv,832,256,1,1,0,0.7470176041126251,0.008326778507455359,1.1024191121152929
googlenet,implicit precomp gemm,346,inception5a.branch2.0.conv,832,160,1,1,0,0.5135904014110565,0.009968539297562086,0.7579364545057644
googlenet,implicit precomp gemm,346,inception5a.branch2.1.conv,160,320,3,1,1,0.8485088020563125,0.006987263163317984,1.2521958184587874
googlenet,implicit precomp gemm,346,inception5a.branch3.0.conv,832,32,1,1,0,0.4590032011270523,0.007140433516107444,0.6773788176593927
googlenet,implicit precomp gemm,346,inception5a.branch3.1.conv,32,128,3,1,1,0.3253631994128227,0.006648514301744283,0.48015817490372975
googlenet,implicit precomp gemm,346,inception5a.branch4.1.conv,832,128,1,1,0,0.4985424026846886,0.007265806253967536,0.7357292115924723
googlenet,implicit precomp gemm,346,inception5b.branch1.conv,832,384,1,1,0,0.7758591949939728,0.006979059850338131,1.144982394207122
googlenet,implicit precomp gemm,346,inception5b.branch2.0.conv,832,192,1,1,0,0.70764319896698,0.008357096230713483,1.0443119182262108
googlenet,implicit precomp gemm,346,inception5b.branch2.1.conv,192,384,3,1,1,0.9833440005779266,0.0050593993374486446,1.4511802855151705
googlenet,implicit precomp gemm,346,inception5b.branch3.0.conv,832,48,1,1,0,0.45844480097293855,0.011471555940226447,0.6765547527394844
googlenet,implicit precomp gemm,346,inception5b.branch3.1.conv,48,128,3,1,1,0.3218511983752251,0.009872518231281439,0.47497530231237295
googlenet,implicit precomp gemm,346,inception5b.branch4.1.conv,832,128,1,1,0,0.49774720072746276,0.0073376122697143935,0.7345556839127885
googlenet,implicit precomp gemm,349,conv1.conv,3,64,7,2,3,1.584991991519928,0.015119397493207738,2.3272074854632336
googlenet,implicit precomp gemm,349,conv2.conv,64,64,1,1,0,1.0335232079029084,0.007085502058522057,1.5174984849766553
googlenet,implicit precomp gemm,349,conv3.conv,64,192,3,1,1,1.9738063931465148,0.026160984599873455,2.8980947774889767
googlenet,implicit precomp gemm,349,inception3a.branch1.conv,192,64,1,1,0,0.8758559972047806,0.024907545125580795,1.2859993260459341
googlenet,implicit precomp gemm,349,inception3a.branch2.0.conv,192,96,1,1,0,1.0197471976280212,0.01056061727613395,1.497271484207527
googlenet,implicit precomp gemm,349,inception3a.branch2.1.conv,96,128,3,1,1,0.9389856040477753,0.02330974285219904,1.3786910837238284
googlenet,implicit precomp gemm,349,inception3a.branch3.0.conv,192,16,1,1,0,0.7370304048061371,0.010154958736069667,1.0821648842742901
googlenet,implicit precomp gemm,349,inception3a.branch3.1.conv,16,32,3,1,1,0.2902288004755974,0.006637435022184733,0.42613630893877835
googlenet,implicit precomp gemm,349,inception3a.branch4.1.conv,192,32,1,1,0,0.799009594321251,0.013919593453698611,1.1731675105047228
googlenet,implicit precomp gemm,349,inception3b.branch1.conv,256,128,1,1,0,1.0859248042106628,0.032235000401636356,1.5944385501820857
googlenet,implicit precomp gemm,349,inception3b.branch2.0.conv,256,128,1,1,0,1.0745503902435303,0.057327055445257395,1.577737758336643
googlenet,implicit precomp gemm,349,inception3b.branch2.1.conv,128,192,3,1,1,1.0918464004993438,0.0453771442614749,1.6031330945600009
googlenet,implicit precomp gemm,349,inception3b.branch3.0.conv,256,32,1,1,0,0.9792512059211731,0.013398199777094567,1.4378121459044606
googlenet,implicit precomp gemm,349,inception3b.branch3.1.conv,32,96,3,1,1,0.6587920010089874,0.011527392963460172,0.9672892256327476
googlenet,implicit precomp gemm,349,inception3b.branch4.1.conv,256,64,1,1,0,1.033545595407486,0.007080119380590653,1.5175313560375265
googlenet,implicit precomp gemm,349,inception4a.branch1.conv,480,192,1,1,0,0.7903951972723007,0.019035336247347143,1.1605191883666124
googlenet,implicit precomp gemm,349,inception4a.branch2.0.conv,480,96,1,1,0,0.7182367980480194,0.01071777680400219,1.0545706613631682
googlenet,implicit precomp gemm,349,inception4a.branch2.1.conv,96,208,3,1,1,0.7383856028318405,0.03371650363639849,1.084154690536136
googlenet,implicit precomp gemm,349,inception4a.branch3.0.conv,480,16,1,1,0,0.4894288003444672,0.009747404454258615,0.7186171121727172
googlenet,implicit precomp gemm,349,inception4a.branch3.1.conv,16,48,3,1,1,0.22839039862155913,0.006457624258207126,0.33534039801067445
googlenet,implicit precomp gemm,349,inception4a.branch4.1.conv,480,64,1,1,0,0.7143359988927841,0.007088589361518878,1.0488432071918403
googlenet,implicit precomp gemm,349,inception4b.branch1.conv,512,160,1,1,0,0.7782416015863418,0.019162171783790025,1.1426743418267038
googlenet,implicit precomp gemm,349,inception4b.branch2.0.conv,512,112,1,1,0,0.733191990852356,0.010719677538265394,1.0765290288672353
googlenet,implicit precomp gemm,349,inception4b.branch2.1.conv,112,224,3,1,1,0.6900160014629364,0.039815456532353036,1.013134711270095
googlenet,implicit precomp gemm,349,inception4b.branch3.0.conv,512,24,1,1,0,0.5162224054336548,0.008191633813521665,0.7579575496384665
googlenet,implicit precomp gemm,349,inception4b.branch3.1.conv,24,64,3,1,1,0.23820800110697746,0.007120104091422748,0.34975535916859063
googlenet,implicit precomp gemm,349,inception4b.branch4.1.conv,512,64,1,1,0,0.7352512031793594,0.006503851361362713,1.0795525232238
googlenet,implicit precomp gemm,349,inception4c.branch1.conv,512,128,1,1,0,0.7776943951845169,0.013574858613537081,1.1418708911839033
googlenet,implicit precomp gemm,349,inception4c.branch2.0.conv,512,128,1,1,0,0.7422544032335281,0.01125509447884709,1.0898351616695812
googlenet,implicit precomp gemm,349,inception4c.branch2.1.conv,128,256,3,1,1,0.7801951885223388,0.058360825606957226,1.1455427488377674
googlenet,implicit precomp gemm,349,inception4c.branch3.0.conv,512,24,1,1,0,0.5149599969387054,0.007497561358211654,0.7561039841221251
googlenet,implicit precomp gemm,349,inception4c.branch3.1.conv,24,64,3,1,1,0.2366112031042576,0.006021323865389644,0.34741081718693756
googlenet,implicit precomp gemm,349,inception4c.branch4.1.conv,512,64,1,1,0,0.7363632023334503,0.006985472294445582,1.081185246145477
googlenet,implicit precomp gemm,349,inception4d.branch1.conv,512,112,1,1,0,0.7504400074481964,0.0101130774329444,1.1018538970974792
googlenet,implicit precomp gemm,349,inception4d.branch2.0.conv,512,144,1,1,0,0.7478992015123367,0.015256638943064591,1.098123289861179
googlenet,implicit precomp gemm,349,inception4d.branch2.1.conv,144,288,3,1,1,1.0062176078557967,0.06326478112030169,1.4774062970257456
googlenet,implicit precomp gemm,349,inception4d.branch3.0.conv,512,32,1,1,0,0.5310143977403641,0.007618576232156727,0.7796762935849754
googlenet,implicit precomp gemm,349,inception4d.branch3.1.conv,32,64,3,1,1,0.33795359879732134,0.005912771685886734,0.496209538640105
googlenet,implicit precomp gemm,349,inception4d.branch4.1.conv,512,64,1,1,0,0.740801602602005,0.010941476687683993,1.0877020477342076
googlenet,implicit precomp gemm,349,inception4e.branch1.conv,528,256,1,1,0,0.8308079957962036,0.026439787154227644,1.2198563760221512
googlenet,implicit precomp gemm,349,inception4e.branch2.0.conv,528,160,1,1,0,0.7641440033912659,0.017491287441865566,1.1219751608704818
googlenet,implicit precomp gemm,349,inception4e.branch2.1.conv,160,320,3,1,1,1.0755679905414581,0.0744584548161407,1.5792318775771297
googlenet,implicit precomp gemm,349,inception4e.branch3.0.conv,528,32,1,1,0,0.7055824041366577,0.0075852279402427005,1.035990504244342
googlenet,implicit precomp gemm,349,inception4e.branch3.1.conv,32,128,3,1,1,0.40191839784383776,0.008905919115624269,0.5901275899259388
googlenet,implicit precomp gemm,349,inception4e.branch4.1.conv,528,128,1,1,0,0.7876032024621964,0.014599105847760687,1.1564197662520448
googlenet,implicit precomp gemm,349,inception5a.branch1.conv,832,256,1,1,0,0.7665872007608414,0.03718366005050416,1.125562451681641
googlenet,implicit precomp gemm,349,inception5a.branch2.0.conv,832,160,1,1,0,0.5199536040425301,0.023961622749968364,0.763435983207079
googlenet,implicit precomp gemm,349,inception5a.branch2.1.conv,160,320,3,1,1,0.8741616070270538,0.07618230612654253,1.2835114917060775
googlenet,implicit precomp gemm,349,inception5a.branch3.0.conv,832,32,1,1,0,0.46718560010194776,0.008048789054330279,0.6859579300557089
googlenet,implicit precomp gemm,349,inception5a.branch3.1.conv,32,128,3,1,1,0.3257168009877205,0.01064808887428187,0.47824252832524866
googlenet,implicit precomp gemm,349,inception5a.branch4.1.conv,832,128,1,1,0,0.5093968003988266,0.02066116550974438,0.7479356698972097
googlenet,implicit precomp gemm,349,inception5b.branch1.conv,832,384,1,1,0,0.7932671993970871,0.05140622327043065,1.1647360833912113
googlenet,implicit precomp gemm,349,inception5b.branch2.0.conv,832,192,1,1,0,0.7184015989303589,0.029544895006230823,1.0548126347289917
googlenet,implicit precomp gemm,349,inception5b.branch2.1.conv,192,384,3,1,1,0.9917135953903198,0.006726193791387294,1.456110387292762
googlenet,implicit precomp gemm,349,inception5b.branch3.0.conv,832,48,1,1,0,0.46484960317611695,0.014763295369611528,0.6825280392039582
googlenet,implicit precomp gemm,349,inception5b.branch3.1.conv,48,128,3,1,1,0.32320640087127683,0.011632474270413579,0.47455656525808326
googlenet,implicit precomp gemm,349,inception5b.branch4.1.conv,832,128,1,1,0,0.5040096074342728,0.019275174106560853,0.7400257776959741
googlenet,implicit precomp gemm,352,conv1.conv,3,64,7,2,3,1.5954608023166656,0.01778393827549672,2.3822301630452536
googlenet,implicit precomp gemm,352,conv2.conv,64,64,1,1,0,1.0385663986206055,0.008062703402209574,1.5507145004921463
googlenet,implicit precomp gemm,352,conv3.conv,64,192,3,1,1,1.937040001153946,0.009668850901864071,2.8922522640943367
googlenet,implicit precomp gemm,352,inception3a.branch1.conv,192,64,1,1,0,0.5776512026786804,0.013253876081470484,0.8625082588944689
googlenet,implicit precomp gemm,352,inception3a.branch2.0.conv,192,96,1,1,0,1.0318831980228425,0.008716487345194203,1.5407356141249253
googlenet,implicit precomp gemm,352,inception3a.branch2.1.conv,96,128,3,1,1,0.9481695979833603,0.010591992873484361,1.4157403382888856
googlenet,implicit precomp gemm,352,inception3a.branch3.0.conv,192,16,1,1,0,0.5043408006429673,0.008025463642585303,0.753046308628525
googlenet,implicit precomp gemm,352,inception3a.branch3.1.conv,16,32,3,1,1,0.272462397813797,0.008727628819513729,0.40682174167186835
googlenet,implicit precomp gemm,352,inception3a.branch4.1.conv,192,32,1,1,0,0.543720006942749,0.013152558365116888,0.8118445773844265
googlenet,implicit precomp gemm,352,inception3b.branch1.conv,256,128,1,1,0,1.075191992521286,0.023840374544438707,1.6054012683544192
googlenet,implicit precomp gemm,352,inception3b.branch2.0.conv,256,128,1,1,0,1.0407936036586762,0.0182753905534456,1.5540400068369429
googlenet,implicit precomp gemm,352,inception3b.branch2.1.conv,128,192,3,1,1,1.0824912071228028,0.02014703947446572,1.6162999436243004
googlenet,implicit precomp gemm,352,inception3b.branch3.0.conv,256,32,1,1,0,0.7562095999717713,0.009517094012185935,1.1291191334950677
googlenet,implicit precomp gemm,352,inception3b.branch3.1.conv,32,96,3,1,1,0.6561679929494858,0.010916375137769833,0.9797440228925657
googlenet,implicit precomp gemm,352,inception3b.branch4.1.conv,256,64,1,1,0,0.8925855964422226,0.013592342498371542,1.3327462058966748
googlenet,implicit precomp gemm,352,inception4a.branch1.conv,480,192,1,1,0,0.800460797548294,0.010273797045927345,1.195191917899798
googlenet,implicit precomp gemm,352,inception4a.branch2.0.conv,480,96,1,1,0,0.7228016048669815,0.008687804129595928,1.0792366584697097
googlenet,implicit precomp gemm,352,inception4a.branch2.1.conv,96,208,3,1,1,0.666551998257637,0.007529755355490592,0.9952486912757568
googlenet,implicit precomp gemm,352,inception4a.branch3.0.conv,480,16,1,1,0,0.39874880015850067,0.00540621706107226,0.5953837398175996
googlenet,implicit precomp gemm,352,inception4a.branch3.1.conv,16,48,3,1,1,0.2212863989174366,0.0056786286240149185,0.3304093296477946
googlenet,implicit precomp gemm,352,inception4a.branch4.1.conv,480,64,1,1,0,0.717111998796463,0.007856402610804274,1.0707413377590074
googlenet,implicit precomp gemm,352,inception4b.branch1.conv,512,160,1,1,0,0.7558223992586136,0.007862854320188012,1.128540992548767
googlenet,implicit precomp gemm,352,inception4b.branch2.0.conv,512,112,1,1,0,0.7288064002990723,0.010903297945272701,1.0882025978274625
googlenet,implicit precomp gemm,352,inception4b.branch2.1.conv,112,224,3,1,1,0.6918479979038239,0.009715483804019298,1.0330189036645712
googlenet,implicit precomp gemm,352,inception4b.branch3.0.conv,512,24,1,1,0,0.41195200085639955,0.008516988982649512,0.6150978330160058
googlenet,implicit precomp gemm,352,inception4b.branch3.1.conv,24,64,3,1,1,0.22922719940543174,0.003743991142882731,0.3422659759619871
googlenet,implicit precomp gemm,352,inception4b.branch4.1.conv,512,64,1,1,0,0.7258448004722595,0.007499438657485321,1.0837805446951898
googlenet,implicit precomp gemm,352,inception4c.branch1.conv,512,128,1,1,0,0.7669119983911514,0.007804807603265054,1.1450992041395829
googlenet,implicit precomp gemm,352,inception4c.branch2.0.conv,512,128,1,1,0,0.7331679999828339,0.008129857756871058,1.094715032548954
googlenet,implicit precomp gemm,352,inception4c.branch2.1.conv,128,256,3,1,1,0.7237231940031051,0.011304864746674251,1.0806127107267258
googlenet,implicit precomp gemm,352,inception4c.branch3.0.conv,512,24,1,1,0,0.4070815995335579,0.008430097240112417,0.6078256913748187
googlenet,implicit precomp gemm,352,inception4c.branch3.1.conv,24,64,3,1,1,0.2361151985824108,0.006606480407501758,0.3525506532029474
googlenet,implicit precomp gemm,352,inception4c.branch4.1.conv,512,64,1,1,0,0.7294303923845291,0.007650058217549099,1.0891342990421327
googlenet,implicit precomp gemm,352,inception4d.branch1.conv,512,112,1,1,0,0.7556751996278763,0.012154597779279205,1.128321204384857
googlenet,implicit precomp gemm,352,inception4d.branch2.0.conv,512,144,1,1,0,0.7337039977312088,0.00787595336519866,1.0955153467914907
googlenet,implicit precomp gemm,352,inception4d.branch2.1.conv,144,288,3,1,1,0.9378383994102478,0.009346818556105876,1.4003145172185454
googlenet,implicit precomp gemm,352,inception4d.branch3.0.conv,512,32,1,1,0,0.41882080137729644,0.008859815002533638,0.6253538441703144
googlenet,implicit precomp gemm,352,inception4d.branch3.1.conv,32,64,3,1,1,0.34956640005111694,0.008956469913425203,0.5219480296725156
googlenet,implicit precomp gemm,352,inception4d.branch4.1.conv,512,64,1,1,0,0.7333935976028443,0.009387513136775183,1.0950518790915453
googlenet,implicit precomp gemm,352,inception4e.branch1.conv,528,256,1,1,0,0.7316528052091599,0.011548252549896549,1.0924526499899507
googlenet,implicit precomp gemm,352,inception4e.branch2.0.conv,528,160,1,1,0,0.803236797451973,0.011703058811459577,1.1993368462449836
googlenet,implicit precomp gemm,352,inception4e.branch2.1.conv,160,320,3,1,1,0.9981904000043869,0.010070243746707112,1.4904278913651996
googlenet,implicit precomp gemm,352,inception4e.branch3.0.conv,528,32,1,1,0,0.4240096017718315,0.007817608843960058,0.6331013969725731
googlenet,implicit precomp gemm,352,inception4e.branch3.1.conv,32,128,3,1,1,0.3958400011062622,0.005925546957963988,0.59104052509843
googlenet,implicit precomp gemm,352,inception4e.branch4.1.conv,528,128,1,1,0,0.7733711987733841,0.006404154536368371,1.154743629096539
googlenet,implicit precomp gemm,352,inception5a.branch1.conv,832,256,1,1,0,0.7664863973855972,0.006400761628699417,1.1444637265701048
googlenet,implicit precomp gemm,352,inception5a.branch2.0.conv,832,160,1,1,0,0.515523199737072,0.0077498249709879435,0.7697430826128843
googlenet,implicit precomp gemm,352,inception5a.branch2.1.conv,160,320,3,1,1,0.851321604847908,0.007950803746650113,1.271133707939416
googlenet,implicit precomp gemm,352,inception5a.branch3.0.conv,832,32,1,1,0,0.46307840049266813,0.008317655559668515,0.6914361869038447
googlenet,implicit precomp gemm,352,inception5a.branch3.1.conv,32,128,3,1,1,0.325483201444149,0.007393568409892674,0.48598868672856954
googlenet,implicit precomp gemm,352,inception5a.branch4.1.conv,832,128,1,1,0,0.5017312064766883,0.0054328801820612135,0.7491498456585856
googlenet,implicit precomp gemm,352,inception5b.branch1.conv,832,384,1,1,0,0.7783423960208893,0.0057440529472964135,1.1621662721425219
googlenet,implicit precomp gemm,352,inception5b.branch2.0.conv,832,192,1,1,0,0.7135919988155365,0.00637871722813166,1.0654855206832725
googlenet,implicit precomp gemm,352,inception5b.branch2.1.conv,192,384,3,1,1,0.9895695954561233,0.006874233439247703,1.477555910684276
googlenet,implicit precomp gemm,352,inception5b.branch3.0.conv,832,48,1,1,0,0.4637760028243065,0.007736490523121915,0.6924777977750278
googlenet,implicit precomp gemm,352,inception5b.branch3.1.conv,48,128,3,1,1,0.3204208016395569,0.006902932490034949,0.4784298664213689
googlenet,implicit precomp gemm,352,inception5b.branch4.1.conv,832,128,1,1,0,0.5001200020313263,0.005624620131800323,0.7467441081920174
googlenet,implicit precomp gemm,354,conv1.conv,3,64,7,2,3,1.6165567994117738,0.008959239318179692,2.410330689576457
googlenet,implicit precomp gemm,354,conv2.conv,64,64,1,1,0,1.0357855916023255,0.006620823774072537,1.5443848308755
googlenet,implicit precomp gemm,354,conv3.conv,64,192,3,1,1,1.9363247990608214,0.011029411177285509,2.887113579839904
googlenet,implicit precomp gemm,354,inception3a.branch1.conv,192,64,1,1,0,0.5693407952785492,0.015258610328642891,0.8489027989533685
googlenet,implicit precomp gemm,354,inception3a.branch2.0.conv,192,96,1,1,0,1.8347903490066528,3.4618740100098453,2.735722919701094
googlenet,implicit precomp gemm,354,inception3a.branch2.1.conv,96,128,3,1,1,1.6357567995786666,3.0059711668231492,2.438958418375701
googlenet,implicit precomp gemm,354,inception3a.branch3.0.conv,192,16,1,1,0,0.5022448003292084,0.008712819733964542,0.7488608234206124
googlenet,implicit precomp gemm,354,inception3a.branch3.1.conv,16,32,3,1,1,0.2742735996842384,0.00910795335510885,0.40894948751573856
googlenet,implicit precomp gemm,354,inception3a.branch4.1.conv,192,32,1,1,0,0.54686079621315,0.014579732621300648,0.8153845015024542
googlenet,implicit precomp gemm,354,inception3b.branch1.conv,256,128,1,1,0,1.6936800241470338,2.606487254909215,2.525323540756286
googlenet,implicit precomp gemm,354,inception3b.branch2.0.conv,256,128,1,1,0,1.870849597454071,3.6781800844155037,2.7894882517992303
googlenet,implicit precomp gemm,354,inception3b.branch2.1.conv,128,192,3,1,1,1.6840784192085265,2.6719027817147385,2.511007283473589
googlenet,implicit precomp gemm,354,inception3b.branch3.0.conv,256,32,1,1,0,1.1336784213781357,1.6507499088283952,1.6903457349303264
googlenet,implicit precomp gemm,354,inception3b.branch3.1.conv,32,96,3,1,1,0.9878287881612777,1.39929145425628,1.4728799167580346
googlenet,implicit precomp gemm,354,inception3b.branch4.1.conv,256,64,1,1,0,1.4501151829957961,2.4650321739630776,2.1621616575844333
googlenet,implicit precomp gemm,354,inception4a.branch1.conv,480,192,1,1,0,0.9750160068273545,0.7623102687584423,1.453775707070367
googlenet,implicit precomp gemm,354,inception4a.branch2.0.conv,480,96,1,1,0,0.9879552006721497,1.1429170805096205,1.4730684012917126
googlenet,implicit precomp gemm,354,inception4a.branch2.1.conv,96,208,3,1,1,0.9559839934110641,1.240933265812857,1.425398451140722
googlenet,implicit precomp gemm,354,inception4a.branch3.0.conv,480,16,1,1,0,0.40338720083236695,0.011287078135447676,0.6014614211529042
googlenet,implicit precomp gemm,354,inception4a.branch3.1.conv,16,48,3,1,1,0.22004960104823112,0.005442940077880089,0.3281000128350604
googlenet,implicit precomp gemm,354,inception4a.branch4.1.conv,480,64,1,1,0,0.9304448008537293,0.9097739105120698,1.3873188119778133
googlenet,implicit precomp gemm,354,inception4b.branch1.conv,512,160,1,1,0,1.056601595878601,1.303180768896259,1.5754220662882727
googlenet,implicit precomp gemm,354,inception4b.branch2.0.conv,512,112,1,1,0,1.002263993024826,1.1981778871223125,1.4944032045915303
googlenet,implicit precomp gemm,354,inception4b.branch2.1.conv,112,224,3,1,1,0.700875198841095,0.009932623973190368,1.0450242156318932
googlenet,implicit precomp gemm,354,inception4b.branch3.0.conv,512,24,1,1,0,0.4081999987363815,0.00796130910294212,0.6086374353176999
googlenet,implicit precomp gemm,354,inception4b.branch3.1.conv,24,64,3,1,1,0.23373280018568038,0.007074600939711746,0.34850203942922714
googlenet,implicit precomp gemm,354,inception4b.branch4.1.conv,512,64,1,1,0,0.7303584009408951,0.006300360084191132,1.0889844815959422
googlenet,implicit precomp gemm,354,inception4c.branch1.conv,512,128,1,1,0,0.7733743995428085,0.007354442441755023,1.153122519684488
googlenet,implicit precomp gemm,354,inception4c.branch2.0.conv,512,128,1,1,0,0.7356752008199692,0.006204441334929256,1.0969119765800541
googlenet,implicit precomp gemm,354,inception4c.branch2.1.conv,128,256,3,1,1,0.7325328052043915,0.006663734224779483,1.092226578211266
googlenet,implicit precomp gemm,354,inception4c.branch3.0.conv,512,24,1,1,0,0.41230080276727676,0.008904045170297586,0.6147518470174325
googlenet,implicit precomp gemm,354,inception4c.branch3.1.conv,24,64,3,1,1,0.2298895999789238,0.004355851045172154,0.3427717221227751
googlenet,implicit precomp gemm,354,inception4c.branch4.1.conv,512,64,1,1,0,0.7289615988731384,0.0055133062555579836,1.0869018112608182
googlenet,implicit precomp gemm,354,inception4d.branch1.conv,512,112,1,1,0,0.7410048067569732,0.0072637131945295485,1.1048585657490733
googlenet,implicit precomp gemm,354,inception4d.branch2.0.conv,512,144,1,1,0,0.7366495966911316,0.011285423239387976,1.0983648276477764
googlenet,implicit precomp gemm,354,inception4d.branch2.1.conv,144,288,3,1,1,0.9387984097003936,0.007522343538796155,1.3997742727319045
googlenet,implicit precomp gemm,354,inception4d.branch3.0.conv,512,32,1,1,0,0.4246624022722244,0.008726071038228011,0.6331833321776633
googlenet,implicit precomp gemm,354,inception4d.branch3.1.conv,32,64,3,1,1,0.35020800232887267,0.005408530497227742,0.5221697722317576
googlenet,implicit precomp gemm,354,inception4d.branch4.1.conv,512,64,1,1,0,0.7302256017923355,0.006493666079079437,1.0887864744096565
googlenet,implicit precomp gemm,354,inception4e.branch1.conv,528,256,1,1,0,0.7202735990285873,0.008780027178303718,1.0739477643235398
googlenet,implicit precomp gemm,354,inception4e.branch2.0.conv,528,160,1,1,0,0.8026944041252136,0.006118512843170472,1.196839453657491
googlenet,implicit precomp gemm,354,inception4e.branch2.1.conv,160,320,3,1,1,1.0108336061239243,0.00909774814461602,1.5071807336323093
googlenet,implicit precomp gemm,354,inception4e.branch3.0.conv,528,32,1,1,0,0.42813279777765273,0.007169172793692574,0.6383577874116184
googlenet,implicit precomp gemm,354,inception4e.branch3.1.conv,32,128,3,1,1,0.3947968021035194,0.006237268835424311,0.5886529001659682
googlenet,implicit precomp gemm,354,inception4e.branch4.1.conv,528,128,1,1,0,0.767987197637558,0.0065349140920228825,1.1450900533412731
googlenet,implicit precomp gemm,354,inception5a.branch1.conv,832,256,1,1,0,0.7710351973772049,0.005538598984168094,1.149634704860456
googlenet,implicit precomp gemm,354,inception5a.branch2.0.conv,832,160,1,1,0,0.5170032024383545,0.006040141175066523,0.7708660072444836
googlenet,implicit precomp gemm,354,inception5a.branch2.1.conv,160,320,3,1,1,0.848199999332428,0.005674056020277587,1.2646895488198155
googlenet,implicit precomp gemm,354,inception5a.branch3.0.conv,832,32,1,1,0,0.46906720101833344,0.009122331201925118,0.6993921095130211
googlenet,implicit precomp gemm,354,inception5a.branch3.1.conv,32,128,3,1,1,0.32136960327625275,0.00478774501451905,0.4791709253616227
googlenet,implicit precomp gemm,354,inception5a.branch4.1.conv,832,128,1,1,0,0.5020928010344505,0.005503771761685716,0.7486341882877906
googlenet,implicit precomp gemm,354,inception5b.branch1.conv,832,384,1,1,0,0.779419195652008,0.0067812050726397495,1.1621354770884824
googlenet,implicit precomp gemm,354,inception5b.branch2.0.conv,832,192,1,1,0,0.7165919959545135,0.00878887878009146,1.0684583927904712
googlenet,implicit precomp gemm,354,inception5b.branch2.1.conv,192,384,3,1,1,0.9881279975175857,0.006107136390464941,1.4733260461451245
googlenet,implicit precomp gemm,354,inception5b.branch3.0.conv,832,48,1,1,0,0.46435199975967406,0.007054842395376762,0.6923616146331556
googlenet,implicit precomp gemm,354,inception5b.branch3.1.conv,48,128,3,1,1,0.3198911979794502,0.00640654035279667,0.4769665823655633
googlenet,implicit precomp gemm,354,inception5b.branch4.1.conv,832,128,1,1,0,0.49565600156784057,0.005652999814431136,0.7390367430865673
googlenet,implicit precomp gemm,357,conv1.conv,3,64,7,2,3,1.616428792476654,0.030201850569232646,2.4047959393517155
googlenet,implicit precomp gemm,357,conv2.conv,64,64,1,1,0,1.0451247990131378,0.009871729130736261,1.5548546799464853
googlenet,implicit precomp gemm,357,conv3.conv,64,192,3,1,1,2.0445664048194887,0.010603026876976552,3.0417454891480196
googlenet,implicit precomp gemm,357,inception3a.branch1.conv,192,64,1,1,0,0.5675103962421417,0.016758771956608395,0.8442974430886948
googlenet,implicit precomp gemm,357,inception3a.branch2.0.conv,192,96,1,1,0,1.0238592028617859,0.012021691055316296,1.5232173944002967
googlenet,implicit precomp gemm,357,inception3a.branch2.1.conv,96,128,3,1,1,0.9513871967792511,0.011010981575259185,1.4153992295945808
googlenet,implicit precomp gemm,357,inception3a.branch3.0.conv,192,16,1,1,0,0.5038655966520309,0.009652561007982693,0.74961170355751
googlenet,implicit precomp gemm,357,inception3a.branch3.1.conv,16,32,3,1,1,0.274227200448513,0.005758778310695664,0.4079737141330942
googlenet,implicit precomp gemm,357,inception3a.branch4.1.conv,192,32,1,1,0,0.5478735983371734,0.012211760032025811,0.8150833557849263
googlenet,implicit precomp gemm,357,inception3b.branch1.conv,256,128,1,1,0,1.072619193792343,0.023504338981166346,1.5957586834062731
googlenet,implicit precomp gemm,357,inception3b.branch2.0.conv,256,128,1,1,0,1.0409984052181245,0.02157591914942583,1.548715754997487
googlenet,implicit precomp gemm,357,inception3b.branch2.1.conv,128,192,3,1,1,1.0802319943904877,0.014068370697644716,1.607084410868392
googlenet,implicit precomp gemm,357,inception3b.branch3.0.conv,256,32,1,1,0,0.7553263962268829,0.009564930575310016,1.1237153526252888
googlenet,implicit precomp gemm,357,inception3b.branch3.1.conv,32,96,3,1,1,0.6596896022558212,0.010644521016208419,0.9814344338092825
googlenet,implicit precomp gemm,357,inception3b.branch4.1.conv,256,64,1,1,0,0.8899503976106644,0.012431268272767873,1.3239983798602626
googlenet,implicit precomp gemm,357,inception4a.branch1.conv,480,192,1,1,0,0.8043840020895004,0.010509685276383832,1.1966994097775887
googlenet,implicit precomp gemm,357,inception4a.branch2.0.conv,480,96,1,1,0,0.7267488092184067,0.009687431504624337,1.0811998607494246
googlenet,implicit precomp gemm,357,inception4a.branch2.1.conv,96,208,3,1,1,0.6664864003658295,0.008123945706510868,0.9915461767896202
googlenet,implicit precomp gemm,357,inception4a.branch3.0.conv,480,16,1,1,0,0.4024527966976166,0.008757932484702514,0.5987376962002167
googlenet,implicit precomp gemm,357,inception4a.branch3.1.conv,16,48,3,1,1,0.22008799836039544,0.006196441184028079,0.3274296567968181
googlenet,implicit precomp gemm,357,inception4a.branch4.1.conv,480,64,1,1,0,0.7189664006233215,0.007496425264724144,1.0696218038161762
googlenet,implicit precomp gemm,357,inception4b.branch1.conv,512,160,1,1,0,0.7525407999753952,0.007524031261258712,1.1195711610683028
googlenet,implicit precomp gemm,357,inception4b.branch2.0.conv,512,112,1,1,0,0.7321855992078781,0.009011382817943794,1.0892882903484524
googlenet,implicit precomp gemm,357,inception4b.branch2.1.conv,112,224,3,1,1,0.6921216011047363,0.011785433529093498,1.029684217220671
googlenet,implicit precomp gemm,357,inception4b.branch3.0.conv,512,24,1,1,0,0.40938080102205276,0.00834399970391861,0.6090446374925012
googlenet,implicit precomp gemm,357,inception4b.branch3.1.conv,24,64,3,1,1,0.23124319836497306,0.005203216459283585,0.3440254881743095
googlenet,implicit precomp gemm,357,inception4b.branch4.1.conv,512,64,1,1,0,0.7255440056324005,0.009371157232409673,1.0794074484979053
googlenet,implicit precomp gemm,357,inception4c.branch1.conv,512,128,1,1,0,0.7638032048940658,0.0106604791308328,1.1363264835061422
googlenet,implicit precomp gemm,357,inception4c.branch2.0.conv,512,128,1,1,0,0.732311999797821,0.008381330447517524,1.0894763392293194
googlenet,implicit precomp gemm,357,inception4c.branch2.1.conv,128,256,3,1,1,0.7267551958560944,0.009309847811667684,1.0812093622879082
googlenet,implicit precomp gemm,357,inception4c.branch3.0.conv,512,24,1,1,0,0.4104319989681244,0.006928484932966578,0.610608527324168
googlenet,implicit precomp gemm,357,inception4c.branch3.1.conv,24,64,3,1,1,0.23124319836497306,0.006557215390556242,0.3440254881743095
googlenet,implicit precomp gemm,357,inception4c.branch4.1.conv,512,64,1,1,0,0.7266160041093827,0.006573883144089402,1.0810022837275401
googlenet,implicit precomp gemm,357,inception4d.branch1.conv,512,112,1,1,0,0.7558656007051467,0.011160373826226495,1.1245175387443707
googlenet,implicit precomp gemm,357,inception4d.branch2.0.conv,512,144,1,1,0,0.732873597741127,0.007183696337097717,1.0903118405887955
googlenet,implicit precomp gemm,357,inception4d.branch2.1.conv,144,288,3,1,1,0.9356303960084915,0.004006672586479403,1.3919574976190945
googlenet,implicit precomp gemm,357,inception4d.branch3.0.conv,512,32,1,1,0,0.421390400826931,0.005706654137229521,0.6269115778603228
googlenet,implicit precomp gemm,357,inception4d.branch3.1.conv,32,64,3,1,1,0.3497056022286415,0.0070761384037554605,0.5202645585887319
googlenet,implicit precomp gemm,357,inception4d.branch4.1.conv,512,64,1,1,0,0.7327951997518539,0.008638274659835717,1.0901952062111262
googlenet,implicit precomp gemm,357,inception4e.branch1.conv,528,256,1,1,0,0.7291327983140945,0.009560408355433588,1.084746572688393
googlenet,implicit precomp gemm,357,inception4e.branch2.0.conv,528,160,1,1,0,0.793572798371315,0.006833595317628074,1.1806153490865132
googlenet,implicit precomp gemm,357,inception4e.branch2.1.conv,160,320,3,1,1,1.0038464069366455,0.0077449432879860385,1.493443926741314
googlenet,implicit precomp gemm,357,inception4e.branch3.0.conv,528,32,1,1,0,0.42737599909305574,0.006603099402223062,0.6358164813562034
googlenet,implicit precomp gemm,357,inception4e.branch3.1.conv,32,128,3,1,1,0.39498080164194105,0.005477081098443935,0.5876214481771822
googlenet,implicit precomp gemm,357,inception4e.branch4.1.conv,528,128,1,1,0,0.7700975984334946,0.009707151658253364,1.145690788382887
googlenet,implicit precomp gemm,357,inception5a.branch1.conv,832,256,1,1,0,0.7608784019947052,0.008529863645293451,1.1319751912200093
googlenet,implicit precomp gemm,357,inception5a.branch2.0.conv,832,160,1,1,0,0.5131952047348023,0.007680127859833789,0.7634915625018782
googlenet,implicit precomp gemm,357,inception5a.branch2.1.conv,160,320,3,1,1,0.8511728018522262,0.007314263286367104,1.2663081152153004
googlenet,implicit precomp gemm,357,inception5a.branch3.0.conv,832,32,1,1,0,0.46551199853420255,0.009240780608583849,0.6925522293372044
googlenet,implicit precomp gemm,357,inception5a.branch3.1.conv,32,128,3,1,1,0.32232639789581297,0.006833809780514909,0.47953192643771314
googlenet,implicit precomp gemm,357,inception5a.branch4.1.conv,832,128,1,1,0,0.5034703955054283,0.007469407026500261,0.7490237542973875
googlenet,implicit precomp gemm,357,inception5b.branch1.conv,832,384,1,1,0,0.7796383947134018,0.007837323392250455,1.1598848365580305
googlenet,implicit precomp gemm,357,inception5b.branch2.0.conv,832,192,1,1,0,0.710907194018364,0.008914153083122127,1.0576319485202288
googlenet,implicit precomp gemm,357,inception5b.branch2.1.conv,192,384,3,1,1,0.9882000029087067,0.008728828044370997,1.4701664343785399
googlenet,implicit precomp gemm,357,inception5b.branch3.0.conv,832,48,1,1,0,0.4625119999051094,0.009964481875688104,0.6880890667439111
googlenet,implicit precomp gemm,357,inception5b.branch3.1.conv,48,128,3,1,1,0.3231871992349625,0.006402021422371297,0.4808125591353055
googlenet,implicit precomp gemm,357,inception5b.branch4.1.conv,832,128,1,1,0,0.5022688016295433,0.009153255313020423,0.7472361172007663
googlenet,implicit precomp gemm,360,conv1.conv,3,64,7,2,3,1.6500351846218109,0.015723433287023122,2.4132732972074087
googlenet,implicit precomp gemm,360,conv2.conv,64,64,1,1,0,1.1447008013725282,0.024078911601883003,1.6741921038958971
googlenet,implicit precomp gemm,360,conv3.conv,64,192,3,1,1,2.0808176159858705,0.0210729354767922,3.0433178854718976
googlenet,implicit precomp gemm,360,inception3a.branch1.conv,192,64,1,1,0,0.7514816015958786,0.01600504899261817,1.0990859463943206
googlenet,implicit precomp gemm,360,inception3a.branch2.0.conv,192,96,1,1,0,1.024161595106125,0.009028581226872619,1.497896440348601
googlenet,implicit precomp gemm,360,inception3a.branch2.1.conv,96,128,3,1,1,0.9619568049907684,0.008744996980694206,1.4069182840384447
googlenet,implicit precomp gemm,360,inception3a.branch3.0.conv,192,16,1,1,0,0.6342176020145416,0.008886390887632835,0.9275804648440935
googlenet,implicit precomp gemm,360,inception3a.branch3.1.conv,16,32,3,1,1,0.27630080133676527,0.007573905231242588,0.40410613790387345
googlenet,implicit precomp gemm,360,inception3a.branch4.1.conv,192,32,1,1,0,0.692331200838089,0.01264125732975951,1.0125750137801122
googlenet,implicit precomp gemm,360,inception3b.branch1.conv,256,128,1,1,0,1.107072013616562,0.018811738597511875,1.619157793389014
googlenet,implicit precomp gemm,360,inception3b.branch2.0.conv,256,128,1,1,0,1.0796815931797028,0.011823742827023141,1.579097695970724
googlenet,implicit precomp gemm,360,inception3b.branch2.1.conv,128,192,3,1,1,1.1011760115623475,0.010162823636029963,1.6105345443514627
googlenet,implicit precomp gemm,360,inception3b.branch3.0.conv,256,32,1,1,0,0.7143871992826462,0.00631376735100596,1.0448332059602368
googlenet,implicit precomp gemm,360,inception3b.branch3.1.conv,32,96,3,1,1,0.6714640021324157,0.009526116068646185,0.9820555109881371
googlenet,implicit precomp gemm,360,inception3b.branch4.1.conv,256,64,1,1,0,0.9204832017421722,0.009626646527397371,1.3462607052233895
googlenet,implicit precomp gemm,360,inception4a.branch1.conv,480,192,1,1,0,0.8004608035087586,0.008204456055588893,1.1707209037555328
googlenet,implicit precomp gemm,360,inception4a.branch2.0.conv,480,96,1,1,0,0.7273935973644257,0.010697420351928201,1.063855826493509
googlenet,implicit precomp gemm,360,inception4a.branch2.1.conv,96,208,3,1,1,0.666729599237442,0.005425610939979839,0.9751311688946197
googlenet,implicit precomp gemm,360,inception4a.branch3.0.conv,480,16,1,1,0,0.40228959918022156,0.007182005836707633,0.5883721489662757
googlenet,implicit precomp gemm,360,inception4a.branch3.1.conv,16,48,3,1,1,0.2194912001490593,0.005098964983678174,0.3210187620412091
googlenet,implicit precomp gemm,360,inception4a.branch4.1.conv,480,64,1,1,0,0.7228127926588058,0.007298497367381471,1.0571561307665185
googlenet,implicit precomp gemm,360,inception4b.branch1.conv,512,160,1,1,0,0.7649520009756088,0.0085359238494081,1.1187871960578377
googlenet,implicit precomp gemm,360,inception4b.branch2.0.conv,512,112,1,1,0,0.7420208036899567,0.0065090221544633385,1.0852489742076517
googlenet,implicit precomp gemm,360,inception4b.branch2.1.conv,112,224,3,1,1,0.6959023952484131,0.006941716754892523,1.0177980951967347
googlenet,implicit precomp gemm,360,inception4b.branch3.0.conv,512,24,1,1,0,0.41153759956359864,0.007917198474697115,0.601897892287248
googlenet,implicit precomp gemm,360,inception4b.branch3.1.conv,24,64,3,1,1,0.2297311969101429,0.005933373156380815,0.3359953582843234
googlenet,implicit precomp gemm,360,inception4b.branch4.1.conv,512,64,1,1,0,0.7277024000883102,0.005837260457838891,1.0643074686006595
googlenet,implicit precomp gemm,360,inception4c.branch1.conv,512,128,1,1,0,0.7688511908054352,0.007042151908771826,1.1244899900253613
googlenet,implicit precomp gemm,360,inception4c.branch2.0.conv,512,128,1,1,0,0.7356399953365326,0.006493020751790281,1.0759166675044793
googlenet,implicit precomp gemm,360,inception4c.branch2.1.conv,128,256,3,1,1,0.7188992023468017,0.006814785365728567,1.0514322752486533
googlenet,implicit precomp gemm,360,inception4c.branch3.0.conv,512,24,1,1,0,0.40905440002679827,0.008500385033100969,0.5982660672270014
googlenet,implicit precomp gemm,360,inception4c.branch3.1.conv,24,64,3,1,1,0.23057439923286438,0.004948792907997654,0.33722859116840487
googlenet,implicit precomp gemm,360,inception4c.branch4.1.conv,512,64,1,1,0,0.730691197514534,0.007833218823947918,1.0686787602474626
googlenet,implicit precomp gemm,360,inception4d.branch1.conv,512,112,1,1,0,0.7581984013319015,0.00910820964798999,1.1089096602137014
googlenet,implicit precomp gemm,360,inception4d.branch2.0.conv,512,144,1,1,0,0.7386415988206864,0.010053908098322871,1.0803066887625854
googlenet,implicit precomp gemm,360,inception4d.branch2.1.conv,144,288,3,1,1,0.9355344027280807,0.0073423393475421685,1.368273970012358
googlenet,implicit precomp gemm,360,inception4d.branch3.0.conv,512,32,1,1,0,0.42032800167798995,0.007246307391167441,0.6147543712836266
googlenet,implicit precomp gemm,360,inception4d.branch3.1.conv,32,64,3,1,1,0.3499760001897812,0.005711223390105839,0.5118604401851189
googlenet,implicit precomp gemm,360,inception4d.branch4.1.conv,512,64,1,1,0,0.735684797167778,0.00518456897567561,1.0759821928120716
googlenet,implicit precomp gemm,360,inception4e.branch1.conv,528,256,1,1,0,0.7280239969491958,0.006987423105929566,1.0647778228840556
googlenet,implicit precomp gemm,360,inception4e.branch2.0.conv,528,160,1,1,0,0.7962527990341186,0.00508806199104364,1.1645664502458002
googlenet,implicit precomp gemm,360,inception4e.branch2.1.conv,160,320,3,1,1,1.0029696077108383,0.00695179629137048,1.4669019150363891
googlenet,implicit precomp gemm,360,inception4e.branch3.0.conv,528,32,1,1,0,0.42426719814538955,0.006680275118717793,0.6205156773065694
googlenet,implicit precomp gemm,360,inception4e.branch3.1.conv,32,128,3,1,1,0.3996335968375206,0.00531495556888947,0.5844875896606936
googlenet,implicit precomp gemm,360,inception4e.branch4.1.conv,528,128,1,1,0,0.7764511972665786,0.010961522900685774,1.1356054455151694
googlenet,implicit precomp gemm,360,inception5a.branch1.conv,832,256,1,1,0,0.7623871952295304,0.011639942928703033,1.1150360171270963
googlenet,implicit precomp gemm,360,inception5a.branch2.0.conv,832,160,1,1,0,0.5146991968154907,0.009111960986332452,0.7527777827680788
googlenet,implicit precomp gemm,360,inception5a.branch2.1.conv,160,320,3,1,1,0.8536288022994996,0.015046469889287942,1.2484822223889045
googlenet,implicit precomp gemm,360,inception5a.branch3.0.conv,832,32,1,1,0,0.46664160043001174,0.010130996921683948,0.6824907275792348
googlenet,implicit precomp gemm,360,inception5a.branch3.1.conv,32,128,3,1,1,0.3257791981101036,0.007338328141734661,0.47647119704599006
googlenet,implicit precomp gemm,360,inception5a.branch4.1.conv,832,128,1,1,0,0.505947208404541,0.008042174032950723,0.7399774860674636
googlenet,implicit precomp gemm,360,inception5b.branch1.conv,832,384,1,1,0,0.7813024014234543,0.01188689744730395,1.1427006163092233
googlenet,implicit precomp gemm,360,inception5b.branch2.0.conv,832,192,1,1,0,0.7182656019926071,0.013854165026263887,1.050505597544972
googlenet,implicit precomp gemm,360,inception5b.branch2.1.conv,192,384,3,1,1,0.9937840074300766,0.012591022709780958,1.453467435527721
googlenet,implicit precomp gemm,360,inception5b.branch3.0.conv,832,48,1,1,0,0.4656320005655289,0.010589120721424325,0.681014128524543
googlenet,implicit precomp gemm,360,inception5b.branch3.1.conv,48,128,3,1,1,0.3241391986608505,0.007836875458064772,0.47407260160075143
googlenet,implicit precomp gemm,360,inception5b.branch4.1.conv,832,128,1,1,0,0.5007567971944809,0.007468022691852117,0.7323862050502439
googlenet,implicit precomp gemm,363,conv1.conv,3,64,7,2,3,1.6646735906600951,0.029355225346872096,2.413616267506687
googlenet,implicit precomp gemm,363,conv2.conv,64,64,1,1,0,1.2420479893684386,0.00891201535394603,1.8008498777077997
googlenet,implicit precomp gemm,363,conv3.conv,64,192,3,1,1,2.190995192527771,0.016349014115274684,3.1767318640629294
googlenet,implicit precomp gemm,363,inception3a.branch1.conv,192,64,1,1,0,0.7483664005994797,0.02336691233802682,1.0850591543451398
googlenet,implicit precomp gemm,363,inception3a.branch2.0.conv,192,96,1,1,0,1.0101952046155929,0.010470055668063444,1.4646856854685906
googlenet,implicit precomp gemm,363,inception3a.branch2.1.conv,96,128,3,1,1,0.9567744016647339,0.009487963981248126,1.3872306698133383
googlenet,implicit precomp gemm,363,inception3a.branch3.0.conv,192,16,1,1,0,0.6386671870946884,0.007446919015894665,0.9260058674224685
googlenet,implicit precomp gemm,363,inception3a.branch3.1.conv,16,32,3,1,1,0.272631998360157,0.004506118807464818,0.3952901217253061
googlenet,implicit precomp gemm,363,inception3a.branch4.1.conv,192,32,1,1,0,0.6947488009929657,0.011720031859204137,1.0073188025061788
googlenet,implicit precomp gemm,363,inception3b.branch1.conv,256,128,1,1,0,1.1061135947704315,0.016958013127816068,1.6037581067106252
googlenet,implicit precomp gemm,363,inception3b.branch2.0.conv,256,128,1,1,0,1.0788704037666321,0.010163488907320457,1.5642581054163849
googlenet,implicit precomp gemm,363,inception3b.branch2.1.conv,128,192,3,1,1,1.1079295992851257,0.011426157679539386,1.6063911382329155
googlenet,implicit precomp gemm,363,inception3b.branch3.0.conv,256,32,1,1,0,0.7167983978986741,0.010821360896227813,1.0392885929096414
googlenet,implicit precomp gemm,363,inception3b.branch3.1.conv,32,96,3,1,1,0.6693183988332748,0.011449149230365285,0.9704471703218007
googlenet,implicit precomp gemm,363,inception3b.branch4.1.conv,256,64,1,1,0,0.9252192050218582,0.012189206103657303,1.341478675927608
googlenet,implicit precomp gemm,363,inception4a.branch1.conv,480,192,1,1,0,0.7998911947011947,0.008567487148526952,1.1597651399038578
googlenet,implicit precomp gemm,363,inception4a.branch2.0.conv,480,96,1,1,0,0.7244127988815308,0.007322214528404579,1.0503287404692927
googlenet,implicit precomp gemm,363,inception4a.branch2.1.conv,96,208,3,1,1,0.666892796754837,0.007710226308794022,0.9669302810842572
googlenet,implicit precomp gemm,363,inception4a.branch3.0.conv,480,16,1,1,0,0.4011968031525612,0.008799783172393695,0.5816966977752825
googlenet,implicit precomp gemm,363,inception4a.branch3.1.conv,16,48,3,1,1,0.21943200007081032,0.005041291652371949,0.31815525154839724
googlenet,implicit precomp gemm,363,inception4a.branch4.1.conv,480,64,1,1,0,0.7231199979782105,0.00925217381772482,1.0484543037578506
googlenet,implicit precomp gemm,363,inception4b.branch1.conv,512,160,1,1,0,0.7648767977952957,0.009725523929344598,1.1089976390297058
googlenet,implicit precomp gemm,363,inception4b.branch2.0.conv,512,112,1,1,0,0.7382799983024597,0.008865089905821567,1.0704348431280377
googlenet,implicit precomp gemm,363,inception4b.branch2.1.conv,112,224,3,1,1,0.6943376004695893,0.007826565436054849,1.0067226013782236
googlenet,implicit precomp gemm,363,inception4b.branch3.0.conv,512,24,1,1,0,0.41248480081558225,0.0051025847804632785,0.5980632064649781
googlenet,implicit precomp gemm,363,inception4b.branch3.1.conv,24,64,3,1,1,0.23157120048999785,0.0034165213841988048,0.33575592219678363
googlenet,implicit precomp gemm,363,inception4b.branch4.1.conv,512,64,1,1,0,0.7301056057214736,0.007068658244042321,1.0585827617223187
googlenet,implicit precomp gemm,363,inception4c.branch1.conv,512,128,1,1,0,0.7664608001708985,0.007527192459617464,1.1112942898103602
googlenet,implicit precomp gemm,363,inception4c.branch2.0.conv,512,128,1,1,0,0.7329184025526047,0.004436649108868099,1.0626610460339698
googlenet,implicit precomp gemm,363,inception4c.branch2.1.conv,128,256,3,1,1,0.7161775976419449,0.0067598631710914575,1.0383884923692588
googlenet,implicit precomp gemm,363,inception4c.branch3.0.conv,512,24,1,1,0,0.41136320382356645,0.007784042083665548,0.5964369989245302
googlenet,implicit precomp gemm,363,inception4c.branch3.1.conv,24,64,3,1,1,0.23123040050268173,0.00663347455879748,0.33526179506100917
googlenet,implicit precomp gemm,363,inception4c.branch4.1.conv,512,64,1,1,0,0.7271744042634964,0.006183461666615516,1.0543328021134155
googlenet,implicit precomp gemm,363,inception4d.branch1.conv,512,112,1,1,0,0.7545696020126342,0.009154340720868969,1.0940531985381958
googlenet,implicit precomp gemm,363,inception4d.branch2.0.conv,512,144,1,1,0,0.7324432015419007,0.007257625631758388,1.0619720503676686
googlenet,implicit precomp gemm,363,inception4d.branch2.1.conv,144,288,3,1,1,0.9428896009922028,0.008561518443845258,1.3670990470361546
googlenet,implicit precomp gemm,363,inception4d.branch3.0.conv,512,32,1,1,0,0.4219776034355164,0.006682635888388276,0.611826855360626
googlenet,implicit precomp gemm,363,inception4d.branch3.1.conv,32,64,3,1,1,0.35127040147781374,0.00480873410007188,0.5093082271848046
googlenet,implicit precomp gemm,363,inception4d.branch4.1.conv,512,64,1,1,0,0.7321503937244416,0.007521059123023217,1.0615475072527676
googlenet,implicit precomp gemm,363,inception4e.branch1.conv,528,256,1,1,0,0.728668799996376,0.008419044972490013,1.0564995318982862
googlenet,implicit precomp gemm,363,inception4e.branch2.0.conv,528,160,1,1,0,0.7971343994140625,0.008665092479665463,1.1557680524336529
googlenet,implicit precomp gemm,363,inception4e.branch2.1.conv,160,320,3,1,1,1.0058784127235412,0.0070603937658563366,1.4584267532715791
googlenet,implicit precomp gemm,363,inception4e.branch3.0.conv,528,32,1,1,0,0.426385597884655,0.009629898651413574,0.6182180224754364
googlenet,implicit precomp gemm,363,inception4e.branch3.1.conv,32,128,3,1,1,0.39563359767198564,0.005136978022459165,0.5736305860025385
googlenet,implicit precomp gemm,363,inception4e.branch4.1.conv,528,128,1,1,0,0.7690288037061691,0.007383749400811652,1.1150176474358549
googlenet,implicit precomp gemm,363,inception5a.branch1.conv,832,256,1,1,0,0.7572544038295745,0.009626719747549582,1.097945902415254
googlenet,implicit precomp gemm,363,inception5a.branch2.0.conv,832,160,1,1,0,0.5144463956356049,0.008029581619110694,0.7458976920357784
googlenet,implicit precomp gemm,363,inception5a.branch2.1.conv,160,320,3,1,1,0.8516591995954513,0.007335987168107989,1.2348237576714391
googlenet,implicit precomp gemm,363,inception5a.branch3.0.conv,832,32,1,1,0,0.46110720038414,0.009982837203221885,0.6685609996794099
googlenet,implicit precomp gemm,363,inception5a.branch3.1.conv,32,128,3,1,1,0.32461279928684234,0.0075866934327890895,0.4706572732309204
googlenet,implicit precomp gemm,363,inception5a.branch4.1.conv,832,128,1,1,0,0.5026704028248787,0.007042312114826363,0.7288236374142114
googlenet,implicit precomp gemm,363,inception5b.branch1.conv,832,384,1,1,0,0.7780207991600037,0.007505037915477137,1.128055174207764
googlenet,implicit precomp gemm,363,inception5b.branch2.0.conv,832,192,1,1,0,0.7114143937826156,0.008015832036617312,1.0314823058442664
googlenet,implicit precomp gemm,363,inception5b.branch2.1.conv,192,384,3,1,1,0.9928575992584229,0.009550138403940001,1.4395478286752457
googlenet,implicit precomp gemm,363,inception5b.branch3.0.conv,832,48,1,1,0,0.463348799943924,0.010047344025842586,0.671811102998815
googlenet,implicit precomp gemm,363,inception5b.branch3.1.conv,48,128,3,1,1,0.3221119984984398,0.008107136775274512,0.46703135311147614
googlenet,implicit precomp gemm,363,inception5b.branch4.1.conv,832,128,1,1,0,0.49902080148458483,0.008176403135779643,0.7235320672143414
googlenet,implicit precomp gemm,366,conv1.conv,3,64,7,2,3,1.8096015989780425,0.05139939402941276,2.624093671802898
googlenet,implicit precomp gemm,366,conv2.conv,64,64,1,1,0,1.2341247916221618,0.011047972452127613,1.7895978085671882
googlenet,implicit precomp gemm,366,conv3.conv,64,192,3,1,1,2.375049591064453,0.01666774519391227,3.444046803257668
googlenet,implicit precomp gemm,366,inception3a.branch1.conv,192,64,1,1,0,0.7314992010593414,0.008534897124604231,1.060743108048052
googlenet,implicit precomp gemm,366,inception3a.branch2.0.conv,192,96,1,1,0,1.0338784158229828,0.005146864173017248,1.4992216020956408
googlenet,implicit precomp gemm,366,inception3a.branch2.1.conv,96,128,3,1,1,0.9423888027667999,0.008568263340198393,1.3665529999060722
googlenet,implicit precomp gemm,366,inception3a.branch3.0.conv,192,16,1,1,0,0.6398111999034881,0.010513162897393008,0.9277868243283608
googlenet,implicit precomp gemm,366,inception3a.branch3.1.conv,16,32,3,1,1,0.2772592008113861,0.007450576877223517,0.40205209517341683
googlenet,implicit precomp gemm,366,inception3a.branch4.1.conv,192,32,1,1,0,0.6875375956296921,0.006088191030986026,0.9969946173993993
googlenet,implicit precomp gemm,366,inception3b.branch1.conv,256,128,1,1,0,1.1261263906955719,0.010017664737647852,1.6329899007291628
googlenet,implicit precomp gemm,366,inception3b.branch2.0.conv,256,128,1,1,0,1.0806015968322753,0.008649767186781163,1.5669746388315868
googlenet,implicit precomp gemm,366,inception3b.branch2.1.conv,128,192,3,1,1,1.0847552061080932,0.007186118290491778,1.5729977655916265
googlenet,implicit precomp gemm,366,inception3b.branch3.0.conv,256,32,1,1,0,0.719513601064682,0.012755343962034019,1.0433628531253616
googlenet,implicit precomp gemm,366,inception3b.branch3.1.conv,32,96,3,1,1,0.6670895934104919,0.009356349045478989,0.9673430779363942
googlenet,implicit precomp gemm,366,inception3b.branch4.1.conv,256,64,1,1,0,0.9128095984458924,0.007940562701898444,1.3236603527514208
googlenet,implicit precomp gemm,366,inception4a.branch1.conv,480,192,1,1,0,0.8045968025922775,0.007009888150170384,1.1667415519679034
googlenet,implicit precomp gemm,366,inception4a.branch2.0.conv,480,96,1,1,0,0.7290495991706848,0.0064746138427968294,1.0571909533538417
googlenet,implicit precomp gemm,366,inception4a.branch2.1.conv,96,208,3,1,1,0.6677968025207519,0.005829462580619021,0.9683685981127262
googlenet,implicit precomp gemm,366,inception4a.branch3.0.conv,480,16,1,1,0,0.4036847993731499,0.006927615776964627,0.5853811844752678
googlenet,implicit precomp gemm,366,inception4a.branch3.1.conv,16,48,3,1,1,0.21733760088682175,0.004008739973451775,0.3151601012366551
googlenet,implicit precomp gemm,366,inception4a.branch4.1.conv,480,64,1,1,0,0.7220576018095016,0.008705151394067006,1.047051895099746
googlenet,implicit precomp gemm,366,inception4b.branch1.conv,512,160,1,1,0,0.7755151957273483,0.010040778879394441,1.1245704682425035
googlenet,implicit precomp gemm,366,inception4b.branch2.0.conv,512,112,1,1,0,0.7419728010892868,0.00818137084398533,1.0759308198488682
googlenet,implicit precomp gemm,366,inception4b.branch2.1.conv,112,224,3,1,1,0.6850896000862121,0.007035136240074859,0.9934447920578019
googlenet,implicit precomp gemm,366,inception4b.branch3.0.conv,512,24,1,1,0,0.40892640203237535,0.0075677065512326875,0.5929820046646104
googlenet,implicit precomp gemm,366,inception4b.branch3.1.conv,24,64,3,1,1,0.23220800161361693,0.005866121406321826,0.3367235903860864
googlenet,implicit precomp gemm,366,inception4b.branch4.1.conv,512,64,1,1,0,0.7300239980220795,0.006529903966610888,1.058603923955327
googlenet,implicit precomp gemm,366,inception4c.branch1.conv,512,128,1,1,0,0.7719871938228607,0.009254527074311477,1.119454531410384
googlenet,implicit precomp gemm,366,inception4c.branch2.0.conv,512,128,1,1,0,0.7393104016780854,0.008478766634531338,1.0720700885969223
googlenet,implicit precomp gemm,366,inception4c.branch2.1.conv,128,256,3,1,1,0.7397296041250229,0.00662207323286613,1.07267797183975
googlenet,implicit precomp gemm,366,inception4c.branch3.0.conv,512,24,1,1,0,0.4124255985021591,0.008984909436321093,0.5980561708887893
googlenet,implicit precomp gemm,366,inception4c.branch3.1.conv,24,64,3,1,1,0.22899360060691834,0.003977543186032389,0.3320624045509953
googlenet,implicit precomp gemm,366,inception4c.branch4.1.conv,512,64,1,1,0,0.7347104012966156,0.008844459765719181,1.0653996524643932
googlenet,implicit precomp gemm,366,inception4d.branch1.conv,512,112,1,1,0,0.7626384019851684,0.0073062938965560075,1.1058978979977339
googlenet,implicit precomp gemm,366,inception4d.branch2.0.conv,512,144,1,1,0,0.7337568014860153,0.009791623596281803,1.064016842441545
googlenet,implicit precomp gemm,366,inception4d.branch2.1.conv,144,288,3,1,1,0.9396832048892975,0.004992857718200698,1.362629626787477
googlenet,implicit precomp gemm,366,inception4d.branch3.0.conv,512,32,1,1,0,0.42485279887914656,0.009142063827344771,0.6160767881815102
googlenet,implicit precomp gemm,366,inception4d.branch3.1.conv,32,64,3,1,1,0.35206879675388336,0.006997042201393602,0.5105330930978781
googlenet,implicit precomp gemm,366,inception4d.branch4.1.conv,512,64,1,1,0,0.7329535990953445,0.005501419903432393,1.0628521229189019
googlenet,implicit precomp gemm,366,inception4e.branch1.conv,528,256,1,1,0,0.7287328004837036,0.009876361495612173,1.056731565259682
googlenet,implicit precomp gemm,366,inception4e.branch2.0.conv,528,160,1,1,0,0.7992175996303559,0.008246552761189503,1.1589411983101185
googlenet,implicit precomp gemm,366,inception4e.branch2.1.conv,160,320,3,1,1,1.0099040001630784,0.008304977476130272,1.4644564292234152
googlenet,implicit precomp gemm,366,inception4e.branch3.0.conv,528,32,1,1,0,0.42722720056772234,0.006341379319400706,0.6195198954648088
googlenet,implicit precomp gemm,366,inception4e.branch3.1.conv,32,128,3,1,1,0.3983536034822464,0.00856245850667654,0.5776504456163046
googlenet,implicit precomp gemm,366,inception4e.branch4.1.conv,528,128,1,1,0,0.7716464012861252,0.007006517564476501,1.1189603499620748
googlenet,implicit precomp gemm,366,inception5a.branch1.conv,832,256,1,1,0,0.7602079957723618,0.009433638235836954,1.1023735788511668
googlenet,implicit precomp gemm,366,inception5a.branch2.0.conv,832,160,1,1,0,0.5175328031182289,0.008915686228927713,0.7504715703058119
googlenet,implicit precomp gemm,366,inception5a.branch2.1.conv,160,320,3,1,1,0.8567567974328995,0.00762733602316347,1.242378483577516
googlenet,implicit precomp gemm,366,inception5a.branch3.0.conv,832,32,1,1,0,0.4642512023448944,0.010787714143031011,0.6732082038875928
googlenet,implicit precomp gemm,366,inception5a.branch3.1.conv,32,128,3,1,1,0.3257103994488716,0.007043050632659784,0.472310921098246
googlenet,implicit precomp gemm,366,inception5a.branch4.1.conv,832,128,1,1,0,0.5042191967368126,0.007830735103203151,0.7311655803718512
googlenet,implicit precomp gemm,366,inception5b.branch1.conv,832,384,1,1,0,0.7824063956737518,0.003980636735235673,1.134563360700544
googlenet,implicit precomp gemm,366,inception5b.branch2.0.conv,832,192,1,1,0,0.7195263981819153,0.007553983287158024,1.043381410157124
googlenet,implicit precomp gemm,366,inception5b.branch2.1.conv,192,384,3,1,1,0.990451204776764,0.005369175649943649,1.4362480339053896
googlenet,implicit precomp gemm,366,inception5b.branch3.0.conv,832,48,1,1,0,0.46512480080127716,0.00910552836900979,0.6744750043714041
googlenet,implicit precomp gemm,366,inception5b.branch3.1.conv,48,128,3,1,1,0.3219679996371269,0.008680831423953326,0.4668840869990158
googlenet,implicit precomp gemm,366,inception5b.branch4.1.conv,832,128,1,1,0,0.5003168016672135,0.006868903156484605,0.7255067379985946
googlenet,implicit precomp gemm,369,conv1.conv,3,64,7,2,3,1.5811407804489135,0.010982469121055582,2.2735435116437035
googlenet,implicit precomp gemm,369,conv2.conv,64,64,1,1,0,1.191728013753891,0.020273778616131825,1.7136016772301188
googlenet,implicit precomp gemm,369,conv3.conv,64,192,3,1,1,2.144147205352783,0.02349318952608065,3.0830979929280904
googlenet,implicit precomp gemm,369,inception3a.branch1.conv,192,64,1,1,0,0.8671327948570251,0.014033186592664384,1.2468618631928063
googlenet,implicit precomp gemm,369,inception3a.branch2.0.conv,192,96,1,1,0,0.7676031976938248,0.010927281043703945,1.1037469219776037
googlenet,implicit precomp gemm,369,inception3a.branch2.1.conv,96,128,3,1,1,0.9506608009338379,0.010640910112598519,1.3669679022025372
googlenet,implicit precomp gemm,369,inception3a.branch3.0.conv,192,16,1,1,0,0.4001696020364761,0.007174846539913395,0.5754092320664604
googlenet,implicit precomp gemm,369,inception3a.branch3.1.conv,16,32,3,1,1,0.253142399340868,0.005561672439881036,0.36399684750395644
googlenet,implicit precomp gemm,369,inception3a.branch4.1.conv,192,32,1,1,0,0.450416000187397,0.016156310530937832,0.6476592011470496
googlenet,implicit precomp gemm,369,inception3b.branch1.conv,256,128,1,1,0,0.9499407976865768,0.022987721775913114,1.3659325998870102
googlenet,implicit precomp gemm,369,inception3b.branch2.0.conv,256,128,1,1,0,0.8874912083148956,0.022757728177438465,1.2761354986570437
googlenet,implicit precomp gemm,369,inception3b.branch2.1.conv,128,192,3,1,1,1.1094048023223877,0.020425562687825836,1.5952280285821927
googlenet,implicit precomp gemm,369,inception3b.branch3.0.conv,256,32,1,1,0,0.6287120014429093,0.007500238142829329,0.9040334100845976
googlenet,implicit precomp gemm,369,inception3b.branch3.1.conv,32,96,3,1,1,0.651430407166481,0.012602367277753981,0.9367005100458363
googlenet,implicit precomp gemm,369,inception3b.branch4.1.conv,256,64,1,1,0,0.929427194595337,0.018685505617934268,1.3364358151697877
googlenet,implicit precomp gemm,369,inception4a.branch1.conv,480,192,1,1,0,0.7817727982997894,0.005839076774842597,1.124121580527064
googlenet,implicit precomp gemm,369,inception4a.branch2.0.conv,480,96,1,1,0,0.700921607017517,0.006759421721851507,1.0078645693732025
googlenet,implicit precomp gemm,369,inception4a.branch2.1.conv,96,208,3,1,1,0.6593439996242523,0.0062594746318727565,0.948079570663734
googlenet,implicit precomp gemm,369,inception4a.branch3.0.conv,480,16,1,1,0,0.38281760066747667,0.005673347250429479,0.5504585568234118
googlenet,implicit precomp gemm,369,inception4a.branch3.1.conv,16,48,3,1,1,0.21654560118913652,0.005268451744764388,0.31137382113360357
googlenet,implicit precomp gemm,369,inception4a.branch4.1.conv,480,64,1,1,0,0.6944784075021744,0.0043341250925076034,0.9985998064669078
googlenet,implicit precomp gemm,369,inception4b.branch1.conv,512,160,1,1,0,0.7810815960168839,0.007579398262689938,1.1231276915040465
googlenet,implicit precomp gemm,369,inception4b.branch2.0.conv,512,112,1,1,0,0.7427423983812332,0.009187053772852902,1.0679992455718563
googlenet,implicit precomp gemm,369,inception4b.branch2.1.conv,112,224,3,1,1,0.6830543994903564,0.005818323805356316,0.9821730722928259
googlenet,implicit precomp gemm,369,inception4b.branch3.0.conv,512,24,1,1,0,0.3920000001788139,0.006832406792596477,0.5636620521025569
googlenet,implicit precomp gemm,369,inception4b.branch3.1.conv,24,64,3,1,1,0.2249983973801136,0.003858868467535943,0.323528210023495
googlenet,implicit precomp gemm,369,inception4b.branch4.1.conv,512,64,1,1,0,0.7357280015945434,0.0056080005157015935,1.057913150456439
googlenet,implicit precomp gemm,369,inception4c.branch1.conv,512,128,1,1,0,0.7530079990625381,0.008366723144646381,1.082760290325556
googlenet,implicit precomp gemm,369,inception4c.branch2.0.conv,512,128,1,1,0,0.7350671976804733,0.006114677272099344,1.0569629716552342
googlenet,implicit precomp gemm,369,inception4c.branch2.1.conv,128,256,3,1,1,0.7161392033100128,0.012514879142599808,1.0297461549609161
googlenet,implicit precomp gemm,369,inception4c.branch3.0.conv,512,24,1,1,0,0.391990402340889,0.005470511501504493,0.563648251242817
googlenet,implicit precomp gemm,369,inception4c.branch3.1.conv,24,64,3,1,1,0.22864799946546555,0.008045300915291374,0.3287760217578034
googlenet,implicit precomp gemm,369,inception4c.branch4.1.conv,512,64,1,1,0,0.7313072055578231,0.004900058294618338,1.051556428607337
googlenet,implicit precomp gemm,369,inception4d.branch1.conv,512,112,1,1,0,0.7632800042629242,0.008185704013103643,1.0975305442230472
googlenet,implicit precomp gemm,369,inception4d.branch2.0.conv,512,144,1,1,0,0.7469760030508041,0.007315764771201834,1.0740868024462256
googlenet,implicit precomp gemm,369,inception4d.branch2.1.conv,144,288,3,1,1,0.9150463938713074,0.007078960496415272,1.3157574691409948
googlenet,implicit precomp gemm,369,inception4d.branch3.0.conv,512,32,1,1,0,0.40188000053167344,0.006491809229841999,0.5778686369778795
googlenet,implicit precomp gemm,369,inception4d.branch3.1.conv,32,64,3,1,1,0.34922079741954803,0.006396924515392251,0.5021492633178635
googlenet,implicit precomp gemm,369,inception4d.branch4.1.conv,512,64,1,1,0,0.7361727982759476,0.004951362603384449,1.0585527295638224
googlenet,implicit precomp gemm,369,inception4e.branch1.conv,528,256,1,1,0,0.93260959982872,0.01167601558314272,1.34101183829135
googlenet,implicit precomp gemm,369,inception4e.branch2.0.conv,528,160,1,1,0,0.8105760037899017,0.007760388785977567,1.165538095594111
googlenet,implicit precomp gemm,369,inception4e.branch2.1.conv,160,320,3,1,1,0.9812080025672912,0.009239748190110171,1.410892132689396
googlenet,implicit precomp gemm,369,inception4e.branch3.0.conv,528,32,1,1,0,0.4409584000706673,0.006455054747128158,0.6340599912303925
googlenet,implicit precomp gemm,369,inception4e.branch3.1.conv,32,128,3,1,1,0.371790400147438,0.005139416370001551,0.5346023974580137
googlenet,implicit precomp gemm,369,inception4e.branch4.1.conv,528,128,1,1,0,0.7722656011581421,0.005648798290270218,1.1104510543837987
googlenet,implicit precomp gemm,369,inception5a.branch1.conv,832,256,1,1,0,0.7249408066272736,0.006724324147090811,1.042402098290857
googlenet,implicit precomp gemm,369,inception5a.branch2.0.conv,832,160,1,1,0,0.6445856034755707,0.005490190720831449,0.9268582751149748
googlenet,implicit precomp gemm,369,inception5a.branch2.1.conv,160,320,3,1,1,0.8661119937896729,0.009001449686413712,1.245394039661812
googlenet,implicit precomp gemm,369,inception5a.branch3.0.conv,832,32,1,1,0,0.4464384034276009,0.005714455388414666,0.6419397614760279
googlenet,implicit precomp gemm,369,inception5a.branch3.1.conv,32,128,3,1,1,0.3200448006391525,0.007709805714144808,0.46019670666002266
googlenet,implicit precomp gemm,369,inception5a.branch4.1.conv,832,128,1,1,0,0.4647823989391327,0.003999352607868398,0.6683168383869298
googlenet,implicit precomp gemm,369,inception5b.branch1.conv,832,384,1,1,0,0.7624703973531723,0.005616820116770651,1.096366399600754
googlenet,implicit precomp gemm,369,inception5b.branch2.0.conv,832,192,1,1,0,0.6739904016256333,0.007401182947430306,0.9691398283276411
googlenet,implicit precomp gemm,369,inception5b.branch2.1.conv,192,384,3,1,1,0.9592191994190216,0.0045912754898266885,1.3792741380460818
googlenet,implicit precomp gemm,369,inception5b.branch3.0.conv,832,48,1,1,0,0.44755679965019224,0.0087099240879652,0.643547918388278
googlenet,implicit precomp gemm,369,inception5b.branch3.1.conv,48,128,3,1,1,0.3150639995932579,0.008387918706019503,0.4530347461055255
googlenet,implicit precomp gemm,369,inception5b.branch4.1.conv,832,128,1,1,0,0.46383040249347685,0.007923807032456449,0.6669479499432871
googlenet,implicit precomp gemm,372,conv1.conv,3,64,7,2,3,1.5882847964763642,0.01237063083953408,2.2987436110741934
googlenet,implicit precomp gemm,372,conv2.conv,64,64,1,1,0,1.1705920040607452,0.026133398167599874,1.6942118293135842
googlenet,implicit precomp gemm,372,conv3.conv,64,192,3,1,1,2.153255987167358,0.01350373337672429,3.1164331828204843
googlenet,implicit precomp gemm,372,inception3a.branch1.conv,192,64,1,1,0,0.873596802353859,0.010491701638870888,1.264367116351518
googlenet,implicit precomp gemm,372,inception3a.branch2.0.conv,192,96,1,1,0,0.800807997584343,0.0202151086306305,1.1590190073141085
googlenet,implicit precomp gemm,372,inception3a.branch2.1.conv,96,128,3,1,1,0.9407679975032807,0.013831287317203707,1.3615847916957073
googlenet,implicit precomp gemm,372,inception3a.branch3.0.conv,192,16,1,1,0,0.4016303986310959,0.0052455550685733075,0.5812844868342554
googlenet,implicit precomp gemm,372,inception3a.branch3.1.conv,16,32,3,1,1,0.25154719948768617,0.004746533268315202,0.3640672749551999
googlenet,implicit precomp gemm,372,inception3a.branch4.1.conv,192,32,1,1,0,0.4363007992506027,0.011169698521784736,0.6314633729473041
googlenet,implicit precomp gemm,372,inception3b.branch1.conv,256,128,1,1,0,0.9357087969779968,0.023208885891730747,1.354262550174262
googlenet,implicit precomp gemm,372,inception3b.branch2.0.conv,256,128,1,1,0,0.8816256016492844,0.020139594278096456,1.2759872937440746
googlenet,implicit precomp gemm,372,inception3b.branch2.1.conv,128,192,3,1,1,1.1094832062721252,0.011023553781468765,1.6057683342875926
googlenet,implicit precomp gemm,372,inception3b.branch3.0.conv,256,32,1,1,0,0.6273968011140824,0.007855913244900694,0.9080389054714757
googlenet,implicit precomp gemm,372,inception3b.branch3.1.conv,32,96,3,1,1,0.6918448001146317,0.008413718879825985,1.0013152664098293
googlenet,implicit precomp gemm,372,inception3b.branch4.1.conv,256,64,1,1,0,0.9395920008420944,0.022850534239265172,1.3598827576413968
googlenet,implicit precomp gemm,372,inception4a.branch1.conv,480,192,1,1,0,0.7814175933599472,0.008929067046048947,1.1309550430138375
googlenet,implicit precomp gemm,372,inception4a.branch2.0.conv,480,96,1,1,0,0.6997888028621674,0.0062426740621409045,1.0128127167428969
googlenet,implicit precomp gemm,372,inception4a.branch2.1.conv,96,208,3,1,1,0.6604704022407532,0.007678518441179738,0.9559067245514162
googlenet,implicit precomp gemm,372,inception4a.branch3.0.conv,480,16,1,1,0,0.3814079985022545,0.006819319274412201,0.5520163648954883
googlenet,implicit precomp gemm,372,inception4a.branch3.1.conv,16,48,3,1,1,0.21532000079751015,0.005027217625492199,0.31163521634649893
googlenet,implicit precomp gemm,372,inception4a.branch4.1.conv,480,64,1,1,0,0.6918207943439484,0.005027068317100974,1.0012805225703683
googlenet,implicit precomp gemm,372,inception4b.branch1.conv,512,160,1,1,0,0.7807983994483948,0.009869565919486222,1.1300588762486863
googlenet,implicit precomp gemm,372,inception4b.branch2.0.conv,512,112,1,1,0,0.7470463961362839,0.011256727314062052,1.0812091975595757
googlenet,implicit precomp gemm,372,inception4b.branch2.1.conv,112,224,3,1,1,0.6876719981431961,0.012814605865243802,0.9952759201330182
googlenet,implicit precomp gemm,372,inception4b.branch3.0.conv,512,24,1,1,0,0.3896959975361824,0.006434325485994271,0.5640116851743817
googlenet,implicit precomp gemm,372,inception4b.branch3.1.conv,24,64,3,1,1,0.23023999929428102,0.0069274045853890244,0.33322910888880464
googlenet,implicit precomp gemm,372,inception4b.branch4.1.conv,512,64,1,1,0,0.7334959954023361,0.0061468888544296985,1.0615975402650137
googlenet,implicit precomp gemm,372,inception4c.branch1.conv,512,128,1,1,0,0.7539344042539596,0.0067265828900732695,1.0911782942157053
googlenet,implicit precomp gemm,372,inception4c.branch2.0.conv,512,128,1,1,0,0.7355663985013962,0.0074894523409898255,1.0645940594704302
googlenet,implicit precomp gemm,372,inception4c.branch2.1.conv,128,256,3,1,1,0.7212944000959396,0.020349025466097775,1.0439380252222974
googlenet,implicit precomp gemm,372,inception4c.branch3.0.conv,512,24,1,1,0,0.3890223979949951,0.007899203438139712,0.5630367764897667
googlenet,implicit precomp gemm,372,inception4c.branch3.1.conv,24,64,3,1,1,0.22770239859819413,0.004808559156094513,0.3295564090049246
googlenet,implicit precomp gemm,372,inception4c.branch4.1.conv,512,64,1,1,0,0.7324384063482284,0.005790972247011685,1.0600668789587633
googlenet,implicit precomp gemm,372,inception4d.branch1.conv,512,112,1,1,0,0.7669248074293137,0.007908947450243106,1.1099794603358317
googlenet,implicit precomp gemm,372,inception4d.branch2.0.conv,512,144,1,1,0,0.745171195268631,0.008102134988436573,1.078495196881888
googlenet,implicit precomp gemm,372,inception4d.branch2.1.conv,144,288,3,1,1,0.9150287985801697,0.009314872390624628,1.3243321407794901
googlenet,implicit precomp gemm,372,inception4d.branch3.0.conv,512,32,1,1,0,0.4029248014092445,0.005883358296801005,0.5831578914799632
googlenet,implicit precomp gemm,372,inception4d.branch3.1.conv,32,64,3,1,1,0.3471408009529114,0.00635662104885382,0.5024210394156212
googlenet,implicit precomp gemm,372,inception4d.branch4.1.conv,512,64,1,1,0,0.7362496048212052,0.004739151552109345,1.0655828721608185
googlenet,implicit precomp gemm,372,inception4e.branch1.conv,528,256,1,1,0,0.9383712023496628,0.007735758455348817,1.3581158813600698
googlenet,implicit precomp gemm,372,inception4e.branch2.0.conv,528,160,1,1,0,0.8066576033830642,0.0064371184575565486,1.167485211855602
googlenet,implicit precomp gemm,372,inception4e.branch2.1.conv,160,320,3,1,1,1.021726393699646,0.007172240325806124,1.4787568482639497
googlenet,implicit precomp gemm,372,inception4e.branch3.0.conv,528,32,1,1,0,0.4408079981803894,0.005148537407507794,0.6379866959474823
googlenet,implicit precomp gemm,372,inception4e.branch3.1.conv,32,128,3,1,1,0.3835679993033409,0.006340332195434622,0.5551425599282861
googlenet,implicit precomp gemm,372,inception4e.branch4.1.conv,528,128,1,1,0,0.7697215974330902,0.004765292197627219,1.114027288009408
googlenet,implicit precomp gemm,372,inception5a.branch1.conv,832,256,1,1,0,0.7201776027679443,0.0073564080622719775,1.0423216710720284
googlenet,implicit precomp gemm,372,inception5a.branch2.0.conv,832,160,1,1,0,0.6439663946628571,0.007342793670892829,0.9320202766920802
googlenet,implicit precomp gemm,372,inception5a.branch2.1.conv,160,320,3,1,1,0.869924795627594,0.009239257623088892,1.2590525770317753
googlenet,implicit precomp gemm,372,inception5a.branch3.0.conv,832,32,1,1,0,0.4448592007160187,0.008366163762670704,0.6438500499042825
googlenet,implicit precomp gemm,372,inception5a.branch3.1.conv,32,128,3,1,1,0.3171856001019478,0.004463474878987304,0.4590665184082035
googlenet,implicit precomp gemm,372,inception5a.branch4.1.conv,832,128,1,1,0,0.46648639887571336,0.004530673857050446,0.675151352860357
googlenet,implicit precomp gemm,372,inception5b.branch1.conv,832,384,1,1,0,0.7651503920555115,0.006947907197934362,1.1074113277106445
googlenet,implicit precomp gemm,372,inception5b.branch2.0.conv,832,192,1,1,0,0.6647791981697082,0.007214017237382554,0.9621428965119373
googlenet,implicit precomp gemm,372,inception5b.branch2.1.conv,192,384,3,1,1,0.9634959936141968,0.006001924281206813,1.394479292712399
googlenet,implicit precomp gemm,372,inception5b.branch3.0.conv,832,48,1,1,0,0.44315999895334246,0.007046151962420914,0.6413907748394179
googlenet,implicit precomp gemm,372,inception5b.branch3.1.conv,48,128,3,1,1,0.316975998878479,0.008041272014453548,0.45876316004678674
googlenet,implicit precomp gemm,372,inception5b.branch4.1.conv,832,128,1,1,0,0.46574879735708236,0.004250682011026227,0.6740838133471454
googlenet,implicit precomp gemm,375,conv1.conv,3,64,7,2,3,2.765116798877716,0.4700484189820249,3.740378732716412
googlenet,implicit precomp gemm,375,conv2.conv,64,64,1,1,0,1.2021999955177307,0.027547034196395294,1.6262182116615707
googlenet,implicit precomp gemm,375,conv3.conv,64,192,3,1,1,3.124456012248993,0.4637347790132652,4.226457567458759
googlenet,implicit precomp gemm,375,inception3a.branch1.conv,192,64,1,1,0,0.7358639955520629,0.022186923346892796,0.9954046209736195
googlenet,implicit precomp gemm,375,inception3a.branch2.0.conv,192,96,1,1,0,1.0405696034431458,0.015939654126514612,1.4075804740724145
googlenet,implicit precomp gemm,375,inception3a.branch2.1.conv,96,128,3,1,1,0.9298912018537522,0.01236139574036792,1.2578655905477707
googlenet,implicit precomp gemm,375,inception3a.branch3.0.conv,192,16,1,1,0,0.6098143965005874,0.008595065454114712,0.8248970895192781
googlenet,implicit precomp gemm,375,inception3a.branch3.1.conv,16,32,3,1,1,0.2728000029921532,0.0048003858301425084,0.3690170809026821
googlenet,implicit precomp gemm,375,inception3a.branch4.1.conv,192,32,1,1,0,0.6645679980516433,0.015298029444474434,0.8989623900752329
googlenet,implicit precomp gemm,375,inception3b.branch1.conv,256,128,1,1,0,1.1429407954216004,0.020529281303013222,1.5460581794172492
googlenet,implicit precomp gemm,375,inception3b.branch2.0.conv,256,128,1,1,0,1.0928896009922027,0.014025394554872474,1.4783538338840851
googlenet,implicit precomp gemm,375,inception3b.branch2.1.conv,128,192,3,1,1,1.1291887998580932,0.013629983566924977,1.5274558289635431
googlenet,implicit precomp gemm,375,inception3b.branch3.0.conv,256,32,1,1,0,0.6792400002479553,0.011417288796277719,0.9188092352442065
googlenet,implicit precomp gemm,375,inception3b.branch3.1.conv,32,96,3,1,1,0.699529591202736,0.00908132969811275,0.9462550033700154
googlenet,implicit precomp gemm,375,inception3b.branch4.1.conv,256,64,1,1,0,0.9383519977331162,0.01633467811517316,1.2693105251638679
googlenet,implicit precomp gemm,375,inception4a.branch1.conv,480,192,1,1,0,0.7729775995016098,0.006890967503488905,1.0456082633527364
googlenet,implicit precomp gemm,375,inception4a.branch2.0.conv,480,96,1,1,0,0.698062402009964,0.008340791965176243,0.9442703337691714
googlenet,implicit precomp gemm,375,inception4a.branch2.1.conv,96,208,3,1,1,0.6650639981031418,0.008689164427933797,0.8996333302846317
googlenet,implicit precomp gemm,375,inception4a.branch3.0.conv,480,16,1,1,0,0.38360960185527804,0.00566409813176165,0.5189094352280729
googlenet,implicit precomp gemm,375,inception4a.branch3.1.conv,16,48,3,1,1,0.21442399993538858,0.0041146930111991544,0.29005175096684277
googlenet,implicit precomp gemm,375,inception4a.branch4.1.conv,480,64,1,1,0,0.6965824067592621,0.005765602169111255,0.9422683413895029
googlenet,implicit precomp gemm,375,inception4b.branch1.conv,512,160,1,1,0,0.775284793972969,0.007639234618605137,1.0487292096854248
googlenet,implicit precomp gemm,375,inception4b.branch2.0.conv,512,112,1,1,0,0.7458079993724823,0.008996465424167245,1.0088558937817134
googlenet,implicit precomp gemm,375,inception4b.branch2.1.conv,112,224,3,1,1,0.6897776007652283,0.006745678414375736,0.9330634674287807
googlenet,implicit precomp gemm,375,inception4b.branch3.0.conv,512,24,1,1,0,0.3920144021511078,0.007444900661607633,0.5302786245122325
googlenet,implicit precomp gemm,375,inception4b.branch3.1.conv,24,64,3,1,1,0.2261727973818779,0.00430273432028114,0.30594437153233844
googlenet,implicit precomp gemm,375,inception4b.branch4.1.conv,512,64,1,1,0,0.7365264058113098,0.004784752853898987,0.9963006645863254
googlenet,implicit precomp gemm,375,inception4c.branch1.conv,512,128,1,1,0,0.7535040020942688,0.007358560671221116,1.0192662912445551
googlenet,implicit precomp gemm,375,inception4c.branch2.0.conv,512,128,1,1,0,0.7402720063924789,0.009638671548101815,1.0013673455890018
googlenet,implicit precomp gemm,375,inception4c.branch2.1.conv,128,256,3,1,1,0.7184400051832199,0.010853670119569557,0.9718351561896624
googlenet,implicit precomp gemm,375,inception4c.branch3.0.conv,512,24,1,1,0,0.39210879653692243,0.005219329328597977,0.5304063119767664
googlenet,implicit precomp gemm,375,inception4c.branch3.1.conv,24,64,3,1,1,0.22331999912858008,0.00730394561471768,0.302085385930104
googlenet,implicit precomp gemm,375,inception4c.branch4.1.conv,512,64,1,1,0,0.7366912007331848,0.004875552000677528,0.9965235829893713
googlenet,implicit precomp gemm,375,inception4d.branch1.conv,512,112,1,1,0,0.767555195093155,0.0074148284401392905,1.0382733666359667
googlenet,implicit precomp gemm,375,inception4d.branch2.0.conv,512,144,1,1,0,0.7454448014497757,0.005908368377818369,1.0083645952635423
googlenet,implicit precomp gemm,375,inception4d.branch2.1.conv,144,288,3,1,1,0.9250447928905488,0.007294708163065783,1.2513098439610912
googlenet,implicit precomp gemm,375,inception4d.branch3.0.conv,512,32,1,1,0,0.4046895995736122,0.007036906687417258,0.5474243880804694
googlenet,implicit precomp gemm,375,inception4d.branch3.1.conv,32,64,3,1,1,0.34746399968862535,0.007420405016131254,0.4700152106946827
googlenet,implicit precomp gemm,375,inception4d.branch4.1.conv,512,64,1,1,0,0.7367296040058136,0.005894930783619958,0.9965755311690161
googlenet,implicit precomp gemm,375,inception4e.branch1.conv,528,256,1,1,0,0.9411167979240418,0.004596909875706385,1.2730504756204075
googlenet,implicit precomp gemm,375,inception4e.branch2.0.conv,528,160,1,1,0,0.817425599694252,0.008098925637178483,1.1057331574258584
googlenet,implicit precomp gemm,375,inception4e.branch2.1.conv,160,320,3,1,1,0.9794032096862793,0.01312643454203951,1.3248405773497884
googlenet,implicit precomp gemm,375,inception4e.branch3.0.conv,528,32,1,1,0,0.4371680021286011,0.00592018298362316,0.5913579847511737
googlenet,implicit precomp gemm,375,inception4e.branch3.1.conv,32,128,3,1,1,0.3734480023384094,0.006651804158533604,0.5051638203091287
googlenet,implicit precomp gemm,375,inception4e.branch4.1.conv,528,128,1,1,0,0.7704064011573791,0.0034539332271524836,1.0421301984810247
googlenet,implicit precomp gemm,375,inception5a.branch1.conv,832,256,1,1,0,0.7384576022624969,0.00923162243930438,0.9989129976847498
googlenet,implicit precomp gemm,375,inception5a.branch2.0.conv,832,160,1,1,0,0.6565631985664367,0.008556167923521948,0.888134282645457
googlenet,implicit precomp gemm,375,inception5a.branch2.1.conv,160,320,3,1,1,0.8717280030250549,0.0077564933863789095,1.1791881212944233
googlenet,implicit precomp gemm,375,inception5a.branch3.0.conv,832,32,1,1,0,0.44327040016651154,0.00796309914165482,0.5996127101388444
googlenet,implicit precomp gemm,375,inception5a.branch3.1.conv,32,128,3,1,1,0.3196048021316528,0.007375022986438847,0.43233002137648163
googlenet,implicit precomp gemm,375,inception5a.branch4.1.conv,832,128,1,1,0,0.4665439993143082,0.005226314551380116,0.631094951800939
googlenet,implicit precomp gemm,375,inception5b.branch1.conv,832,384,1,1,0,0.7615279942750931,0.009328629944880772,1.0301203606700562
googlenet,implicit precomp gemm,375,inception5b.branch2.0.conv,832,192,1,1,0,0.6666464030742645,0.009344823580091192,0.9017738524871421
googlenet,implicit precomp gemm,375,inception5b.branch2.1.conv,192,384,3,1,1,0.968516805768013,0.006368316778121881,1.3101145181438372
googlenet,implicit precomp gemm,375,inception5b.branch3.0.conv,832,48,1,1,0,0.4465936005115509,0.007004459009602589,0.6041080095418158
googlenet,implicit precomp gemm,375,inception5b.branch3.1.conv,48,128,3,1,1,0.31402879804372785,0.006765276567435863,0.42478735008227825
googlenet,implicit precomp gemm,375,inception5b.branch4.1.conv,832,128,1,1,0,0.46754719614982604,0.005672671464046615,0.6324519780610313
googlenet,implicit precomp gemm,378,conv1.conv,3,64,7,2,3,1.5227328062057495,0.02468466371591123,2.1245251023641996
googlenet,implicit precomp gemm,378,conv2.conv,64,64,1,1,0,1.2249984085559844,0.0325570224638677,1.70912444962569
googlenet,implicit precomp gemm,378,conv3.conv,64,192,3,1,1,2.1488111853599547,0.011507048453597768,2.9980330659017476
googlenet,implicit precomp gemm,378,inception3a.branch1.conv,192,64,1,1,0,0.7706079959869385,0.01563563797571014,1.0751564718936044
googlenet,implicit precomp gemm,378,inception3a.branch2.0.conv,192,96,1,1,0,1.0165264189243317,0.016485326715630567,1.4182631945799966
googlenet,implicit precomp gemm,378,inception3a.branch2.1.conv,96,128,3,1,1,0.9538287967443466,0.007004393727777772,1.3307871307314538
googlenet,implicit precomp gemm,378,inception3a.branch3.0.conv,192,16,1,1,0,0.610955199599266,0.009227958787650554,0.8524080210781169
googlenet,implicit precomp gemm,378,inception3a.branch3.1.conv,16,32,3,1,1,0.27411519587039945,0.0059726170933601325,0.3824470138114662
googlenet,implicit precomp gemm,378,inception3a.branch4.1.conv,192,32,1,1,0,0.6604623973369599,0.01824713841161823,0.9214807329240762
googlenet,implicit precomp gemm,378,inception3b.branch1.conv,256,128,1,1,0,1.1079680025577545,0.024679797196820997,1.5458429899567125
googlenet,implicit precomp gemm,378,inception3b.branch2.0.conv,256,128,1,1,0,1.0695679903030395,0.02134171971010086,1.4922670837742515
googlenet,implicit precomp gemm,378,inception3b.branch2.1.conv,128,192,3,1,1,1.098081600666046,0.01770005939748736,1.5320494282068138
googlenet,implicit precomp gemm,378,inception3b.branch3.0.conv,256,32,1,1,0,0.6801471978425979,0.01108835849310569,0.9489450737715464
googlenet,implicit precomp gemm,378,inception3b.branch3.1.conv,32,96,3,1,1,0.6993967890739441,0.009239596150421168,0.9758022082698485
googlenet,implicit precomp gemm,378,inception3b.branch4.1.conv,256,64,1,1,0,0.9596816092729569,0.019504837243329697,1.3389530066394193
googlenet,implicit precomp gemm,378,inception4a.branch1.conv,480,192,1,1,0,0.7718495994806289,0.006921252554947615,1.0768887638484228
googlenet,implicit precomp gemm,378,inception4a.branch2.0.conv,480,96,1,1,0,0.6997456014156341,0.0064475635641304384,0.9762888731482268
googlenet,implicit precomp gemm,378,inception4a.branch2.1.conv,96,208,3,1,1,0.6627632021903992,0.005673016484205643,0.9246908283832743
googlenet,implicit precomp gemm,378,inception4a.branch3.0.conv,480,16,1,1,0,0.38217759877443314,0.004461821868788683,0.5332162667334347
googlenet,implicit precomp gemm,378,inception4a.branch3.1.conv,16,48,3,1,1,0.2148879997432232,0.00754456556275933,0.29981290728796645
googlenet,implicit precomp gemm,378,inception4a.branch4.1.conv,480,64,1,1,0,0.6923616021871567,0.004567649784395013,0.9659866772194301
googlenet,implicit precomp gemm,378,inception4b.branch1.conv,512,160,1,1,0,0.7753439992666245,0.00731189623491925,1.0817641694565427
googlenet,implicit precomp gemm,378,inception4b.branch2.0.conv,512,112,1,1,0,0.7489071995019912,0.01578091353446888,1.0448794024788814
googlenet,implicit precomp gemm,378,inception4b.branch2.1.conv,112,224,3,1,1,0.6872943997383117,0.01756358572252174,0.9589168887723308
googlenet,implicit precomp gemm,378,inception4b.branch3.0.conv,512,24,1,1,0,0.3906383991241455,0.016716651823678704,0.5450208214496657
googlenet,implicit precomp gemm,378,inception4b.branch3.1.conv,24,64,3,1,1,0.2289471998810768,0.016112067083578114,0.3194283798714056
googlenet,implicit precomp gemm,378,inception4b.branch4.1.conv,512,64,1,1,0,0.7460319995880127,0.0498444275005007,1.0408679079036884
googlenet,implicit precomp gemm,378,inception4c.branch1.conv,512,128,1,1,0,0.7621183931827545,0.04439865767018895,1.0633117318360676
googlenet,implicit precomp gemm,378,inception4c.branch2.0.conv,512,128,1,1,0,0.7481232017278672,0.04148338401839009,1.0437855645156247
googlenet,implicit precomp gemm,378,inception4c.branch2.1.conv,128,256,3,1,1,0.7233295977115631,0.03390707475346418,1.0091933931930883
googlenet,implicit precomp gemm,378,inception4c.branch3.0.conv,512,24,1,1,0,0.39685920178890227,0.025904858185478753,0.5537001191992567
googlenet,implicit precomp gemm,378,inception4c.branch3.1.conv,24,64,3,1,1,0.22872160077095033,0.019122182538944304,0.3191136227645898
googlenet,implicit precomp gemm,378,inception4c.branch4.1.conv,512,64,1,1,0,0.7446800023317337,0.03990513051067438,1.038981593970222
googlenet,implicit precomp gemm,378,inception4d.branch1.conv,512,112,1,1,0,0.7728415995836257,0.02588436169986298,1.0782728077934771
googlenet,implicit precomp gemm,378,inception4d.branch2.0.conv,512,144,1,1,0,0.746331200003624,0.01793865168607634,1.0412853539526692
googlenet,implicit precomp gemm,378,inception4d.branch2.1.conv,144,288,3,1,1,0.9560368031263351,0.022228052020513957,1.3338677532580043
googlenet,implicit precomp gemm,378,inception4d.branch3.0.conv,512,32,1,1,0,0.4048096016049385,0.012936869258455164,0.5647925603118168
googlenet,implicit precomp gemm,378,inception4d.branch3.1.conv,32,64,3,1,1,0.3504063993692398,0.013003796880068393,0.4888889163319281
googlenet,implicit precomp gemm,378,inception4d.branch4.1.conv,512,64,1,1,0,0.7392784029245376,0.018187216194607978,1.0314452530660694
googlenet,implicit precomp gemm,378,inception4e.branch1.conv,528,256,1,1,0,0.9229328036308289,0.018789159433063203,1.287680872913514
googlenet,implicit precomp gemm,378,inception4e.branch2.0.conv,528,160,1,1,0,0.8124080061912536,0.014127483001673043,1.1334760737280367
googlenet,implicit precomp gemm,378,inception4e.branch2.1.conv,160,320,3,1,1,1.0103968054056167,0.027971191426198014,1.40971112442348
googlenet,implicit precomp gemm,378,inception4e.branch3.0.conv,528,32,1,1,0,0.4384911999106407,0.010954656280153168,0.6117853096612671
googlenet,implicit precomp gemm,378,inception4e.branch3.1.conv,32,128,3,1,1,0.3808976009488106,0.012762489945647807,0.5314304067976507
googlenet,implicit precomp gemm,378,inception4e.branch4.1.conv,528,128,1,1,0,0.7758623957633972,0.013272486774511809,1.0824874390714632
googlenet,implicit precomp gemm,378,inception5a.branch1.conv,832,256,1,1,0,0.7379055976867676,0.00933807906805696,1.029529907723529
googlenet,implicit precomp gemm,378,inception5a.branch2.0.conv,832,160,1,1,0,0.6510527968406677,0.006902809123440144,0.9083524070772039
googlenet,implicit precomp gemm,378,inception5a.branch2.1.conv,160,320,3,1,1,0.8767840027809143,0.007268130262582607,1.2232938146915595
googlenet,implicit precomp gemm,378,inception5a.branch3.0.conv,832,32,1,1,0,0.4477935954928398,0.007635190031936791,0.6247640626282754
googlenet,implicit precomp gemm,378,inception5a.branch3.1.conv,32,128,3,1,1,0.3167391985654831,0.0056785793770390705,0.44191625445558536
googlenet,implicit precomp gemm,378,inception5a.branch4.1.conv,832,128,1,1,0,0.466048002243042,0.0051929116009000265,0.6502327103197936
googlenet,implicit precomp gemm,378,inception5b.branch1.conv,832,384,1,1,0,0.7682927995920181,0.014637182021846837,1.071926297277371
googlenet,implicit precomp gemm,378,inception5b.branch2.0.conv,832,192,1,1,0,0.6697264075279236,0.011205198999120354,0.9344059303842278
googlenet,implicit precomp gemm,378,inception5b.branch2.1.conv,192,384,3,1,1,0.9724207997322083,0.010823407431463147,1.3567267945319361
googlenet,implicit precomp gemm,378,inception5b.branch3.0.conv,832,48,1,1,0,0.4461023986339569,0.0102185928156813,0.6224044955623441
googlenet,implicit precomp gemm,378,inception5b.branch3.1.conv,48,128,3,1,1,0.3167440012097359,0.01169277166022839,0.44192295513099683
googlenet,implicit precomp gemm,378,inception5b.branch4.1.conv,832,128,1,1,0,0.46435359567403794,0.011282853022262685,0.6478686650488247
googlenet,implicit precomp gemm,381,conv1.conv,3,64,7,2,3,1.5787983953952789,0.02911529625676792,2.2196696972443077
googlenet,implicit precomp gemm,381,conv2.conv,64,64,1,1,0,1.2217311978340148,0.022634765288171006,1.7176605486295786
googlenet,implicit precomp gemm,381,conv3.conv,64,192,3,1,1,2.1662959814071656,0.01735621031574278,3.0456463340829045
googlenet,implicit precomp gemm,381,inception3a.branch1.conv,192,64,1,1,0,0.7338880002498627,0.01885849654071925,1.0317903540293363
googlenet,implicit precomp gemm,381,inception3a.branch2.0.conv,192,96,1,1,0,1.0214816004037857,0.01537627102137983,1.4361249424384115
googlenet,implicit precomp gemm,381,inception3a.branch2.1.conv,96,128,3,1,1,0.9155024021863938,0.0110813383203805,1.2871263017585821
googlenet,implicit precomp gemm,381,inception3a.branch3.0.conv,192,16,1,1,0,0.6095952004194259,0.005958243495607014,0.857044191267878
googlenet,implicit precomp gemm,381,inception3a.branch3.1.conv,16,32,3,1,1,0.27333279997110366,0.006214857286942327,0.38428499492292606
googlenet,implicit precomp gemm,381,inception3a.branch4.1.conv,192,32,1,1,0,0.6578479975461959,0.00992354351265759,0.9248839305923868
googlenet,implicit precomp gemm,381,inception3b.branch1.conv,256,128,1,1,0,1.1348368108272553,0.01841836710289512,1.5954936916945397
googlenet,implicit precomp gemm,381,inception3b.branch2.0.conv,256,128,1,1,0,1.097982394695282,0.008694777420605461,1.5436792035772704
googlenet,implicit precomp gemm,381,inception3b.branch2.1.conv,128,192,3,1,1,1.1293536067008971,0.012809650422158501,1.58778472639626
googlenet,implicit precomp gemm,381,inception3b.branch3.0.conv,256,32,1,1,0,0.6780735999345779,0.0058198952127292035,0.9533195794129973
googlenet,implicit precomp gemm,381,inception3b.branch3.1.conv,32,96,3,1,1,0.6970223963260651,0.014068150476705437,0.9799601367331141
googlenet,implicit precomp gemm,381,inception3b.branch4.1.conv,256,64,1,1,0,0.9433648020029068,0.023693644503798184,1.3262987032162965
googlenet,implicit precomp gemm,381,inception4a.branch1.conv,480,192,1,1,0,0.7758783996105194,0.00901706563271758,1.0908256414402417
googlenet,implicit precomp gemm,381,inception4a.branch2.0.conv,480,96,1,1,0,0.6975440055131912,0.006388803633378062,0.980693479324445
googlenet,implicit precomp gemm,381,inception4a.branch2.1.conv,96,208,3,1,1,0.6645023882389068,0.007218805268829437,0.9342394945562941
googlenet,implicit precomp gemm,381,inception4a.branch3.0.conv,480,16,1,1,0,0.3857503980398178,0.007241630149078058,0.5423355329763555
googlenet,implicit precomp gemm,381,inception4a.branch3.1.conv,16,48,3,1,1,0.2141695998609066,0.0049720586923516635,0.30110606412364144
googlenet,implicit precomp gemm,381,inception4a.branch4.1.conv,480,64,1,1,0,0.6963712066411972,0.004732859460450825,0.9790446138804972
googlenet,implicit precomp gemm,381,inception4b.branch1.conv,512,160,1,1,0,0.7768383979797363,0.005907428398368764,1.09217532566577
googlenet,implicit precomp gemm,381,inception4b.branch2.0.conv,512,112,1,1,0,0.7478608012199401,0.008788255757921203,1.051435042666825
googlenet,implicit precomp gemm,381,inception4b.branch2.1.conv,112,224,3,1,1,0.6860336065292358,0.009033875025690818,0.9645107393986923
googlenet,implicit precomp gemm,381,inception4b.branch3.0.conv,512,24,1,1,0,0.3902112007141113,0.007234686147737017,0.5486070800911704
googlenet,implicit precomp gemm,381,inception4b.branch3.1.conv,24,64,3,1,1,0.22851039990782737,0.007574704349633847,0.3212681312952515
googlenet,implicit precomp gemm,381,inception4b.branch4.1.conv,512,64,1,1,0,0.7342416018247604,0.005535166039174011,1.0322874907777568
googlenet,implicit precomp gemm,381,inception4c.branch1.conv,512,128,1,1,0,0.7557408034801483,0.007668546147981504,1.0625137226820913
googlenet,implicit precomp gemm,381,inception4c.branch2.0.conv,512,128,1,1,0,0.7401040017604827,0.006151498497086771,1.040529576359046
googlenet,implicit precomp gemm,381,inception4c.branch2.1.conv,128,256,3,1,1,0.7199312031269074,0.011838201530910487,1.0121681655759118
googlenet,implicit precomp gemm,381,inception4c.branch3.0.conv,512,24,1,1,0,0.3895776003599167,0.004654385829328285,0.547716286491132
googlenet,implicit precomp gemm,381,inception4c.branch3.1.conv,24,64,3,1,1,0.22436319962143897,0.007003368614511294,0.3154374851336214
googlenet,implicit precomp gemm,381,inception4c.branch4.1.conv,512,64,1,1,0,0.7384896010160447,0.006905002621337703,1.0382598524841742
googlenet,implicit precomp gemm,381,inception4d.branch1.conv,512,112,1,1,0,0.7674368053674698,0.006022132800065491,1.0789574060832898
googlenet,implicit precomp gemm,381,inception4d.branch2.0.conv,512,144,1,1,0,0.7438800066709519,0.006509306603833655,1.0458383502347095
googlenet,implicit precomp gemm,381,inception4d.branch2.1.conv,144,288,3,1,1,0.9300383985042572,0.015353342460754229,1.3075627999461408
googlenet,implicit precomp gemm,381,inception4d.branch3.0.conv,512,32,1,1,0,0.4072447970509529,0.008291693301069764,0.5725550127304818
googlenet,implicit precomp gemm,381,inception4d.branch3.1.conv,32,64,3,1,1,0.3480607971549034,0.0077391351990745315,0.4893468390243761
googlenet,implicit precomp gemm,381,inception4d.branch4.1.conv,512,64,1,1,0,0.7374303966760636,0.00439969661477256,1.0367706922573188
googlenet,implicit precomp gemm,381,inception4e.branch1.conv,528,256,1,1,0,0.9410239964723587,0.010785789456207291,1.323007709813685
googlenet,implicit precomp gemm,381,inception4e.branch2.0.conv,528,160,1,1,0,0.8119439989328384,0.007710693999041485,1.1415311135019
googlenet,implicit precomp gemm,381,inception4e.branch2.1.conv,160,320,3,1,1,1.0224352091550828,0.014001449977694229,1.4374656433502284
googlenet,implicit precomp gemm,381,inception4e.branch3.0.conv,528,32,1,1,0,0.4377071976661682,0.004699197109290399,0.6153828162981316
googlenet,implicit precomp gemm,381,inception4e.branch3.1.conv,32,128,3,1,1,0.38286400139331817,0.011217059721705922,0.5382774802261444
googlenet,implicit precomp gemm,381,inception4e.branch4.1.conv,528,128,1,1,0,0.7728879988193512,0.004561672498125736,1.0866213668234628
googlenet,implicit precomp gemm,381,inception5a.branch1.conv,832,256,1,1,0,0.7357392013072968,0.0078170487958001,1.0343930010187667
googlenet,implicit precomp gemm,381,inception5a.branch2.0.conv,832,160,1,1,0,0.6575935989618301,0.007977261870607629,0.9245262656553146
googlenet,implicit precomp gemm,381,inception5a.branch2.1.conv,160,320,3,1,1,0.8773647993803024,0.0062914349315784405,1.233507751397042
googlenet,implicit precomp gemm,381,inception5a.branch3.0.conv,832,32,1,1,0,0.4444128036499023,0.007934749290383701,0.6248103850410225
googlenet,implicit precomp gemm,381,inception5a.branch3.1.conv,32,128,3,1,1,0.31563039869070053,0.0043989391196720745,0.44375218111840137
googlenet,implicit precomp gemm,381,inception5a.branch4.1.conv,832,128,1,1,0,0.46825119853019714,0.006097851202520076,0.6583253435696486
googlenet,implicit precomp gemm,381,inception5b.branch1.conv,832,384,1,1,0,0.7648687988519669,0.00471673961793855,1.0753469854865798
googlenet,implicit precomp gemm,381,inception5b.branch2.0.conv,832,192,1,1,0,0.670686399936676,0.00732905453626296,0.9429337416577463
googlenet,implicit precomp gemm,381,inception5b.branch2.1.conv,192,384,3,1,1,0.9700608044862747,0.00644922285352845,1.363831239303689
googlenet,implicit precomp gemm,381,inception5b.branch3.0.conv,832,48,1,1,0,0.4456303998827934,0.008124958660621765,0.6265222321454467
googlenet,implicit precomp gemm,381,inception5b.branch3.1.conv,48,128,3,1,1,0.31406880021095274,0.004784031922566919,0.44155669318601654
googlenet,implicit precomp gemm,381,inception5b.branch4.1.conv,832,128,1,1,0,0.46399679929018023,0.006884153482824104,0.6523439838845949
googlenet,implicit precomp gemm,384,conv1.conv,3,64,7,2,3,1.5617152094841003,0.02161109467450044,2.1680913834124294
googlenet,implicit precomp gemm,384,conv2.conv,64,64,1,1,0,1.2710687935352325,0.04204133540312955,1.7645940068026382
googlenet,implicit precomp gemm,384,conv3.conv,64,192,3,1,1,2.193336009979248,0.011254489348703557,3.0449552359390144
googlenet,implicit precomp gemm,384,inception3a.branch1.conv,192,64,1,1,0,0.9054704040288926,0.02010646979585422,1.2570426214639485
googlenet,implicit precomp gemm,384,inception3a.branch2.0.conv,192,96,1,1,0,1.0174495965242385,0.01273997541424461,1.4125006210379183
googlenet,implicit precomp gemm,384,inception3a.branch2.1.conv,96,128,3,1,1,0.9618960022926331,0.012541750991241801,1.3353769122850772
googlenet,implicit precomp gemm,384,inception3a.branch3.0.conv,192,16,1,1,0,0.44484480023384093,0.0054656285746061545,0.6175672571322506
googlenet,implicit precomp gemm,384,inception3a.branch3.1.conv,16,32,3,1,1,0.2569696009159088,0.0060151093794056695,0.35674467032229074
googlenet,implicit precomp gemm,384,inception3a.branch4.1.conv,192,32,1,1,0,0.6684751957654953,0.01168138403787567,0.9280279164617193
googlenet,implicit precomp gemm,384,inception3b.branch1.conv,256,128,1,1,0,1.1017904102802276,0.01622381644076213,1.5295889291134723
googlenet,implicit precomp gemm,384,inception3b.branch2.0.conv,256,128,1,1,0,1.0548848032951355,0.007791875636789264,1.4644710115056245
googlenet,implicit precomp gemm,384,inception3b.branch2.1.conv,128,192,3,1,1,1.1089152097702026,0.029886931107785408,1.5394801156044196
googlenet,implicit precomp gemm,384,inception3b.branch3.0.conv,256,32,1,1,0,0.6797536045312882,0.007056473707995093,0.9436854580641967
googlenet,implicit precomp gemm,384,inception3b.branch3.1.conv,32,96,3,1,1,0.7058159977197647,0.010173123337050043,0.9798672470100243
googlenet,implicit precomp gemm,384,inception3b.branch4.1.conv,256,64,1,1,0,0.9445439964532852,0.02096101504720065,1.3112875430346873
googlenet,implicit precomp gemm,384,inception4a.branch1.conv,480,192,1,1,0,0.8118992000818253,0.006063754821032067,1.127139986347665
googlenet,implicit precomp gemm,384,inception4a.branch2.0.conv,480,96,1,1,0,0.745592001080513,0.008108206528490546,1.0350873086635894
googlenet,implicit precomp gemm,384,inception4a.branch2.1.conv,96,208,3,1,1,0.668153601884842,0.009007453649090337,0.9275814554697482
googlenet,implicit precomp gemm,384,inception4a.branch3.0.conv,480,16,1,1,0,0.38887839764356613,0.005520631381307833,0.5398704565378263
googlenet,implicit precomp gemm,384,inception4a.branch3.1.conv,16,48,3,1,1,0.21666399985551835,0.00647392347920397,0.30078938101499203
googlenet,implicit precomp gemm,384,inception4a.branch4.1.conv,480,64,1,1,0,0.7357615977525711,0.004797250554950039,1.0214399979238673
googlenet,implicit precomp gemm,384,inception4b.branch1.conv,512,160,1,1,0,0.7928719967603683,0.007671893100172584,1.1007249810245658
googlenet,implicit precomp gemm,384,inception4b.branch2.0.conv,512,112,1,1,0,0.7360368013381958,0.007645320429501491,1.0218220563933333
googlenet,implicit precomp gemm,384,inception4b.branch2.1.conv,112,224,3,1,1,0.7046752005815506,0.018428271369042595,0.9782835059856921
googlenet,implicit precomp gemm,384,inception4b.branch3.0.conv,512,24,1,1,0,0.40127039700746536,0.0077265734267167084,0.5570739689842457
googlenet,implicit precomp gemm,384,inception4b.branch3.1.conv,24,64,3,1,1,0.22584640011191368,0.005866877534530619,0.3135370847922456
googlenet,implicit precomp gemm,384,inception4b.branch4.1.conv,512,64,1,1,0,0.7439504027366638,0.008729023635751437,1.0328083174603857
googlenet,implicit precomp gemm,384,inception4c.branch1.conv,512,128,1,1,0,0.7666015952825547,0.0064267907171774805,1.0642544192108994
googlenet,implicit precomp gemm,384,inception4c.branch2.0.conv,512,128,1,1,0,0.7424959987401962,0.006764265502836963,1.0307892036337467
googlenet,implicit precomp gemm,384,inception4c.branch2.1.conv,128,256,3,1,1,0.7276655972003937,0.01182658874337877,1.0102005165314332
googlenet,implicit precomp gemm,384,inception4c.branch3.0.conv,512,24,1,1,0,0.40158080160617826,0.006896832021315534,0.5575048961672263
googlenet,implicit precomp gemm,384,inception4c.branch3.1.conv,24,64,3,1,1,0.22839839980006219,0.004633479065258862,0.317079964121809
googlenet,implicit precomp gemm,384,inception4c.branch4.1.conv,512,64,1,1,0,0.7441951990127563,0.007533931306635726,1.0331481621988274
googlenet,implicit precomp gemm,384,inception4d.branch1.conv,512,112,1,1,0,0.7573664069175721,0.007533583318396322,1.0514334309816025
googlenet,implicit precomp gemm,384,inception4d.branch2.0.conv,512,144,1,1,0,0.748644796013832,0.00671181767451632,1.0393254298972556
googlenet,implicit precomp gemm,384,inception4d.branch2.1.conv,144,288,3,1,1,0.9665776014328002,0.012365014475564054,1.3418762629315633
googlenet,implicit precomp gemm,384,inception4d.branch3.0.conv,512,32,1,1,0,0.41144800186157227,0.007304191427137047,0.5712032911897039
googlenet,implicit precomp gemm,384,inception4d.branch3.1.conv,32,64,3,1,1,0.3479775995016098,0.007846159491391488,0.4830888695444074
googlenet,implicit precomp gemm,384,inception4d.branch4.1.conv,512,64,1,1,0,0.7461183995008469,0.006554756073828252,1.0358180948353812
googlenet,implicit precomp gemm,384,inception4e.branch1.conv,528,256,1,1,0,0.9610351979732513,0.015337687744594512,1.334181878506625
googlenet,implicit precomp gemm,384,inception4e.branch2.0.conv,528,160,1,1,0,0.7596960008144379,0.009599909079064238,1.054667549740242
googlenet,implicit precomp gemm,384,inception4e.branch2.1.conv,160,320,3,1,1,1.0076992005109786,0.022147589784047492,1.3989643825145124
googlenet,implicit precomp gemm,384,inception4e.branch3.0.conv,528,32,1,1,0,0.442815999686718,0.006169105958838617,0.6147507224925369
googlenet,implicit precomp gemm,384,inception4e.branch3.1.conv,32,128,3,1,1,0.3760912001132965,0.0067394451909947575,0.5221183000530798
googlenet,implicit precomp gemm,384,inception4e.branch4.1.conv,528,128,1,1,0,0.7819679975509644,0.005852958692702448,1.085587223136907
googlenet,implicit precomp gemm,384,inception5a.branch1.conv,832,256,1,1,0,0.7274592012166977,0.007025060672323797,1.009913981988448
googlenet,implicit precomp gemm,384,inception5a.branch2.0.conv,832,160,1,1,0,0.6443967968225479,0.006154528140556578,0.894600458652804
googlenet,implicit precomp gemm,384,inception5a.branch2.1.conv,160,320,3,1,1,0.8780383944511414,0.0067308448247827175,1.2189594272720596
googlenet,implicit precomp gemm,384,inception5a.branch3.0.conv,832,32,1,1,0,0.44712800085544585,0.005698579926683684,0.6207369692310005
googlenet,implicit precomp gemm,384,inception5a.branch3.1.conv,32,128,3,1,1,0.32033919990062715,0.006697198127432461,0.44471914908430193
googlenet,implicit precomp gemm,384,inception5a.branch4.1.conv,832,128,1,1,0,0.46784799844026564,0.005961324885936145,0.6495020398118359
googlenet,implicit precomp gemm,384,inception5b.branch1.conv,832,384,1,1,0,0.7668752044439315,0.004413627914063807,1.0646342641798165
googlenet,implicit precomp gemm,384,inception5b.branch2.0.conv,832,192,1,1,0,0.6702479988336563,0.007338117774900248,0.9304890560044641
googlenet,implicit precomp gemm,384,inception5b.branch2.1.conv,192,384,3,1,1,0.9718511998653412,0.006890845055214356,1.3491974718509194
googlenet,implicit precomp gemm,384,inception5b.branch3.0.conv,832,48,1,1,0,0.44626399874687195,0.0075783615470369865,0.6195374960392986
googlenet,implicit precomp gemm,384,inception5b.branch3.1.conv,48,128,3,1,1,0.31667040288448334,0.008085195823288295,0.4396258470853938
googlenet,implicit precomp gemm,384,inception5b.branch4.1.conv,832,128,1,1,0,0.46292639821767806,0.004775997031990179,0.6426695014780908
googlenet,implicit precomp gemm,386,conv1.conv,3,64,7,2,3,1.5921840012073516,0.03884408966986587,2.2057795426068285
googlenet,implicit precomp gemm,386,conv2.conv,64,64,1,1,0,1.2420015990734101,0.02713240623825383,1.720643918695122
googlenet,implicit precomp gemm,386,conv3.conv,64,192,3,1,1,2.1829087853431703,0.023358648538851046,3.024157721994106
googlenet,implicit precomp gemm,386,inception3a.branch1.conv,192,64,1,1,0,0.9090208053588867,0.018986709959149545,1.2593390555012178
googlenet,implicit precomp gemm,386,inception3a.branch2.0.conv,192,96,1,1,0,1.0196480005979538,0.021603752991728398,1.412599736383117
googlenet,implicit precomp gemm,386,inception3a.branch2.1.conv,96,128,3,1,1,0.9493856012821198,0.01501547374810472,1.3152596281369504
googlenet,implicit precomp gemm,386,inception3a.branch3.0.conv,192,16,1,1,0,0.452183997631073,0.006667438653787021,0.6264465732053921
googlenet,implicit precomp gemm,386,inception3a.branch3.1.conv,16,32,3,1,1,0.2521856024861336,0.006585907328106037,0.349372837864264
googlenet,implicit precomp gemm,386,inception3a.branch4.1.conv,192,32,1,1,0,0.6631583988666534,0.012582657038627335,0.9187262455964497
googlenet,implicit precomp gemm,386,inception3b.branch1.conv,256,128,1,1,0,1.1210288166999818,0.027049754559551088,1.5530506704466829
googlenet,implicit precomp gemm,386,inception3b.branch2.0.conv,256,128,1,1,0,1.088022392988205,0.019530038253361623,1.5073242379848302
googlenet,implicit precomp gemm,386,inception3b.branch2.1.conv,128,192,3,1,1,1.1299184024333955,0.018223567723866678,1.5653661228932247
googlenet,implicit precomp gemm,386,inception3b.branch3.0.conv,256,32,1,1,0,0.6839888036251068,0.00929035902515483,0.9475842674366233
googlenet,implicit precomp gemm,386,inception3b.branch3.1.conv,32,96,3,1,1,0.7114592015743255,0.013468885432007062,0.9856412016714271
googlenet,implicit precomp gemm,386,inception3b.branch4.1.conv,256,64,1,1,0,0.9504207968711853,0.017404320392404377,1.3166937671882322
googlenet,implicit precomp gemm,386,inception4a.branch1.conv,480,192,1,1,0,0.8139391988515854,0.0082396344478947,1.127614919124417
googlenet,implicit precomp gemm,386,inception4a.branch2.0.conv,480,96,1,1,0,0.7447952032089233,0.008236186901430208,1.0318242247278984
googlenet,implicit precomp gemm,386,inception4a.branch2.1.conv,96,208,3,1,1,0.6679568141698837,0.006482077724605784,0.9253738731977641
googlenet,implicit precomp gemm,386,inception4a.branch3.0.conv,480,16,1,1,0,0.3876031994819641,0.007652028092845756,0.5369776404096192
googlenet,implicit precomp gemm,386,inception4a.branch3.1.conv,16,48,3,1,1,0.21152160093188285,0.005471164221106482,0.2930377517932557
googlenet,implicit precomp gemm,386,inception4a.branch4.1.conv,480,64,1,1,0,0.7380208045244216,0.006004770569617035,1.022439109678127
googlenet,implicit precomp gemm,386,inception4b.branch1.conv,512,160,1,1,0,0.7824399948120118,0.0105427550380698,1.0839765583406111
googlenet,implicit precomp gemm,386,inception4b.branch2.0.conv,512,112,1,1,0,0.7380607962608338,0.010306244411649023,1.022494513421654
googlenet,implicit precomp gemm,386,inception4b.branch2.1.conv,112,224,3,1,1,0.6842992007732391,0.021094751862088153,0.9480142853735668
googlenet,implicit precomp gemm,386,inception4b.branch3.0.conv,512,24,1,1,0,0.40359520018100736,0.006005287771022968,0.5591326350337047
googlenet,implicit precomp gemm,386,inception4b.branch3.1.conv,24,64,3,1,1,0.22548799812793732,0.005075924910753282,0.3123865162549119
googlenet,implicit precomp gemm,386,inception4b.branch4.1.conv,512,64,1,1,0,0.7429040014743805,0.005028837297500856,1.029204192059668
googlenet,implicit precomp gemm,386,inception4c.branch1.conv,512,128,1,1,0,0.7638208001852036,0.008126684400613413,1.0581819023357242
googlenet,implicit precomp gemm,386,inception4c.branch2.0.conv,512,128,1,1,0,0.739345595240593,0.006562451687641473,1.0242744479667607
googlenet,implicit precomp gemm,386,inception4c.branch2.1.conv,128,256,3,1,1,0.7440832018852234,0.020409437064218005,1.0308378324811884
googlenet,implicit precomp gemm,386,inception4c.branch3.0.conv,512,24,1,1,0,0.40289759933948516,0.008009043284645846,0.5581661929240187
googlenet,implicit precomp gemm,386,inception4c.branch3.1.conv,24,64,3,1,1,0.22872960045933724,0.006770884050637555,0.316877366622989
googlenet,implicit precomp gemm,386,inception4c.branch4.1.conv,512,64,1,1,0,0.7381344020366669,0.006714027508271847,1.022596485376169
googlenet,implicit precomp gemm,386,inception4d.branch1.conv,512,112,1,1,0,0.7551440000534058,0.007982804913518748,1.046161238761982
googlenet,implicit precomp gemm,386,inception4d.branch2.0.conv,512,144,1,1,0,0.7495136052370072,0.008674246239308132,1.038361003554623
googlenet,implicit precomp gemm,386,inception4d.branch2.1.conv,144,288,3,1,1,0.9581103950738907,0.021563171307864327,1.327346781157429
googlenet,implicit precomp gemm,386,inception4d.branch3.0.conv,512,32,1,1,0,0.41583999842405317,0.007748110748736826,0.576096331093568
googlenet,implicit precomp gemm,386,inception4d.branch3.1.conv,32,64,3,1,1,0.3471439957618713,0.004624835733173185,0.48092627711978025
googlenet,implicit precomp gemm,386,inception4d.branch4.1.conv,512,64,1,1,0,0.7425919979810714,0.007952097332011979,1.0287719487245752
googlenet,implicit precomp gemm,386,inception4e.branch1.conv,528,256,1,1,0,0.9716464042663574,0.01877941559929477,1.3460992947756039
googlenet,implicit precomp gemm,386,inception4e.branch2.0.conv,528,160,1,1,0,0.769278398156166,0.013574250856036788,1.065742748285057
googlenet,implicit precomp gemm,386,inception4e.branch2.1.conv,160,320,3,1,1,1.0048431932926178,0.014098856171201362,1.3920894554975016
googlenet,implicit precomp gemm,386,inception4e.branch3.0.conv,528,32,1,1,0,0.4354624018073082,0.0038415106609478006,0.603280812238173
googlenet,implicit precomp gemm,386,inception4e.branch3.1.conv,32,128,3,1,1,0.3812368020415306,0.007134335920670797,0.5281577620390515
googlenet,implicit precomp gemm,386,inception4e.branch4.1.conv,528,128,1,1,0,0.7757087975740433,0.0051597208812258445,1.0746512937019115
googlenet,implicit precomp gemm,386,inception5a.branch1.conv,832,256,1,1,0,0.7267343938350678,0.007265176308192127,1.00680314436937
googlenet,implicit precomp gemm,386,inception5a.branch2.0.conv,832,160,1,1,0,0.6461055994033813,0.0069776434732170866,0.8951016417995651
googlenet,implicit precomp gemm,386,inception5a.branch2.1.conv,160,320,3,1,1,0.8734223991632462,0.006293693339879323,1.2100217428814395
googlenet,implicit precomp gemm,386,inception5a.branch3.0.conv,832,32,1,1,0,0.4495951980352402,0.006726980718371249,0.6228601025562293
googlenet,implicit precomp gemm,386,inception5a.branch3.1.conv,32,128,3,1,1,0.31546720415353774,0.004617407219497109,0.4370418901066599
googlenet,implicit precomp gemm,386,inception5a.branch4.1.conv,832,128,1,1,0,0.4621184036135674,0.005122503008745571,0.6402094985127186
googlenet,implicit precomp gemm,386,inception5b.branch1.conv,832,384,1,1,0,0.7656911969184875,0.005821613252042599,1.0607731121756092
googlenet,implicit precomp gemm,386,inception5b.branch2.0.conv,832,192,1,1,0,0.6736223995685577,0.006255445019312917,0.9332228607267247
googlenet,implicit precomp gemm,386,inception5b.branch2.1.conv,192,384,3,1,1,0.9694527953863143,0.005162062935788105,1.3430603133586254
googlenet,implicit precomp gemm,386,inception5b.branch3.0.conv,832,48,1,1,0,0.4420047998428345,0.006746420366761999,0.612344518276804
googlenet,implicit precomp gemm,386,inception5b.branch3.1.conv,48,128,3,1,1,0.3158016011118889,0.005311059571000918,0.43750515689572544
googlenet,implicit precomp gemm,386,inception5b.branch4.1.conv,832,128,1,1,0,0.4656495988368988,0.004876537891311869,0.6451015450215826
googlenet,implicit precomp gemm,389,conv1.conv,3,64,7,2,3,1.7277216017246246,0.030706504717212996,2.3857884453768565
googlenet,implicit precomp gemm,389,conv2.conv,64,64,1,1,0,1.2844128012657166,0.03187970038705682,1.7736290483924162
googlenet,implicit precomp gemm,389,conv3.conv,64,192,3,1,1,2.1949104189872743,0.011985236277492942,3.0309234491424477
googlenet,implicit precomp gemm,389,inception3a.branch1.conv,192,64,1,1,0,0.8920351952314377,0.02151735847804091,1.2317998799854446
googlenet,implicit precomp gemm,389,inception3a.branch2.0.conv,192,96,1,1,0,1.0359471917152405,0.018354604676224216,1.430526097229845
googlenet,implicit precomp gemm,389,inception3a.branch2.1.conv,96,128,3,1,1,0.9581407994031906,0.007274056045696322,1.323084254997132
googlenet,implicit precomp gemm,389,inception3a.branch3.0.conv,192,16,1,1,0,0.4511583983898163,0.00565843015646999,0.6229988053854935
googlenet,implicit precomp gemm,389,inception3a.branch3.1.conv,16,32,3,1,1,0.2551584005355835,0.00487580912542031,0.3523449397929459
googlenet,implicit precomp gemm,389,inception3a.branch4.1.conv,192,32,1,1,0,0.6625343948602677,0.005318400518905461,0.9148851888779655
googlenet,implicit precomp gemm,389,inception3b.branch1.conv,256,128,1,1,0,1.1003712117671967,0.022993704683181383,1.5194883944490598
googlenet,implicit precomp gemm,389,inception3b.branch2.0.conv,256,128,1,1,0,1.071284794807434,0.02099196238356384,1.47932333693589
googlenet,implicit precomp gemm,389,inception3b.branch2.1.conv,128,192,3,1,1,1.1151776015758514,0.019467741809099017,1.5399343469034208
googlenet,implicit precomp gemm,389,inception3b.branch3.0.conv,256,32,1,1,0,0.6787791967391967,0.006748045842973881,0.9373174259823104
googlenet,implicit precomp gemm,389,inception3b.branch3.1.conv,32,96,3,1,1,0.7015136063098908,0.008046204545114892,0.9687110785314738
googlenet,implicit precomp gemm,389,inception3b.branch4.1.conv,256,64,1,1,0,0.934457603096962,0.018803257287915043,1.290380435098955
googlenet,implicit precomp gemm,389,inception4a.branch1.conv,480,192,1,1,0,0.8124175995588303,0.007767904567516823,1.1218569704247936
googlenet,implicit precomp gemm,389,inception4a.branch2.0.conv,480,96,1,1,0,0.7433616012334824,0.0076421660978403085,1.0264984342323185
googlenet,implicit precomp gemm,389,inception4a.branch2.1.conv,96,208,3,1,1,0.662324795126915,0.008116073888487948,0.9145957553132711
googlenet,implicit precomp gemm,389,inception4a.branch3.0.conv,480,16,1,1,0,0.3894880026578903,0.007009242399059842,0.5378389524252836
googlenet,implicit precomp gemm,389,inception4a.branch3.1.conv,16,48,3,1,1,0.21813280060887336,0.00664261823006178,0.30121676705949496
googlenet,implicit precomp gemm,389,inception4a.branch4.1.conv,480,64,1,1,0,0.7363615959882737,0.006373694649693635,1.0168322173980058
googlenet,implicit precomp gemm,389,inception4b.branch1.conv,512,160,1,1,0,0.7812399983406066,0.009143631001694814,1.0788042235778736
googlenet,implicit precomp gemm,389,inception4b.branch2.0.conv,512,112,1,1,0,0.7369648039340972,0.005032040684591937,1.0176651794596416
googlenet,implicit precomp gemm,389,inception4b.branch2.1.conv,112,224,3,1,1,0.687007999420166,0.01171827227617568,0.9486804733250914
googlenet,implicit precomp gemm,389,inception4b.branch3.0.conv,512,24,1,1,0,0.40215199887752534,0.0073240249381401725,0.5553265012427214
googlenet,implicit precomp gemm,389,inception4b.branch3.1.conv,24,64,3,1,1,0.23078399896621704,0.0047891292227797986,0.31868664347418596
googlenet,implicit precomp gemm,389,inception4b.branch4.1.conv,512,64,1,1,0,0.7451471984386444,0.006088198551802463,1.0289641423509879
googlenet,implicit precomp gemm,389,inception4c.branch1.conv,512,128,1,1,0,0.7620416015386582,0.007441814142392028,1.0522934053915827
googlenet,implicit precomp gemm,389,inception4c.branch2.0.conv,512,128,1,1,0,0.7405759990215302,0.00628456318899926,1.02265183211537
googlenet,implicit precomp gemm,389,inception4c.branch2.1.conv,128,256,3,1,1,0.729286402463913,0.012483444877440325,1.0070621740401087
googlenet,implicit precomp gemm,389,inception4c.branch3.0.conv,512,24,1,1,0,0.4020863980054855,0.005070574728501637,0.5552359138457919
googlenet,implicit precomp gemm,389,inception4c.branch3.1.conv,24,64,3,1,1,0.22964320182800294,0.005181998491885556,0.3171113314400288
googlenet,implicit precomp gemm,389,inception4c.branch4.1.conv,512,64,1,1,0,0.7450112015008926,0.006785504208965753,1.0287763459361194
googlenet,implicit precomp gemm,389,inception4d.branch1.conv,512,112,1,1,0,0.7568255960941315,0.006433104303765533,1.0450906908407243
googlenet,implicit precomp gemm,389,inception4d.branch2.0.conv,512,144,1,1,0,0.7394016057252883,0.005020897534760411,1.0210301275805045
googlenet,implicit precomp gemm,389,inception4d.branch2.1.conv,144,288,3,1,1,0.9394879996776581,0.017967031605531612,1.2973268447669872
googlenet,implicit precomp gemm,389,inception4d.branch3.0.conv,512,32,1,1,0,0.413264000415802,0.004735119337034449,0.5706709206495096
googlenet,implicit precomp gemm,389,inception4d.branch3.1.conv,32,64,3,1,1,0.3543712005019188,0.006340700329785976,0.48934661388030565
googlenet,implicit precomp gemm,389,inception4d.branch4.1.conv,512,64,1,1,0,0.7415311932563782,0.006219260868672487,1.0239708474974292
googlenet,implicit precomp gemm,389,inception4e.branch1.conv,528,256,1,1,0,0.9547535985708236,0.012976839171065907,1.3184069131152194
googlenet,implicit precomp gemm,389,inception4e.branch2.0.conv,528,160,1,1,0,0.7651807963848114,0.009171292122987753,1.0566282790102624
googlenet,implicit precomp gemm,389,inception4e.branch2.1.conv,160,320,3,1,1,1.0284576028585435,0.018604438969784202,1.4201838207096613
googlenet,implicit precomp gemm,389,inception4e.branch3.0.conv,528,32,1,1,0,0.44040320068597794,0.005925881663847479,0.6081470917853696
googlenet,implicit precomp gemm,389,inception4e.branch3.1.conv,32,128,3,1,1,0.3792047992348671,0.006742006621981781,0.5236390096314799
googlenet,implicit precomp gemm,389,inception4e.branch4.1.conv,528,128,1,1,0,0.7781440079212188,0.006330546105249518,1.074529010394106
googlenet,implicit precomp gemm,389,inception5a.branch1.conv,832,256,1,1,0,0.7290848046541214,0.005942780890332703,1.0067837902283108
googlenet,implicit precomp gemm,389,inception5a.branch2.0.conv,832,160,1,1,0,0.6479135990142822,0.007758635047302404,0.8946955207296097
googlenet,implicit precomp gemm,389,inception5a.branch2.1.conv,160,320,3,1,1,0.8753391981124878,0.00611874034395246,1.2087445932015817
googlenet,implicit precomp gemm,389,inception5a.branch3.0.conv,832,32,1,1,0,0.4463407978415489,0.008287087306823442,0.6163462430102679
googlenet,implicit precomp gemm,389,inception5a.branch3.1.conv,32,128,3,1,1,0.3157312020659447,0.006605541282819012,0.4359891390962286
googlenet,implicit precomp gemm,389,inception5a.branch4.1.conv,832,128,1,1,0,0.4627375975251198,0.004912426153059109,0.63898837191991
googlenet,implicit precomp gemm,389,inception5b.branch1.conv,832,384,1,1,0,0.7643136024475098,0.004310038017687315,1.0554307821025142
googlenet,implicit precomp gemm,389,inception5b.branch2.0.conv,832,192,1,1,0,0.6662031978368759,0.004593942752064705,0.9199513915238193
googlenet,implicit precomp gemm,389,inception5b.branch2.1.conv,192,384,3,1,1,0.9629375994205475,0.006011693175031642,1.3297080941878732
googlenet,implicit precomp gemm,389,inception5b.branch3.0.conv,832,48,1,1,0,0.4449280008673668,0.007961843352554787,0.6143953299156452
googlenet,implicit precomp gemm,389,inception5b.branch3.1.conv,48,128,3,1,1,0.31554559916257857,0.009323583299999218,0.43573284244413074
googlenet,implicit precomp gemm,389,inception5b.branch4.1.conv,832,128,1,1,0,0.4641007989645004,0.005478352776580566,0.640870799181078
googlenet,implicit precomp gemm,392,conv1.conv,3,64,7,2,3,1.7692063868045806,0.02187755694668675,2.4185923789373462
googlenet,implicit precomp gemm,392,conv2.conv,64,64,1,1,0,1.2088191986083985,0.019502845450857995,1.6525154572542005
googlenet,implicit precomp gemm,392,conv3.conv,64,192,3,1,1,2.219336009025574,0.01148255526432318,3.033941770595343
googlenet,implicit precomp gemm,392,inception3a.branch1.conv,192,64,1,1,0,0.7644544005393982,0.02213764493810338,1.0450468645035071
googlenet,implicit precomp gemm,392,inception3a.branch2.0.conv,192,96,1,1,0,1.0659103870391846,0.018655696517280437,1.4571520643102251
googlenet,implicit precomp gemm,392,inception3a.branch2.1.conv,96,128,3,1,1,0.9280928015708924,0.007083149364621474,1.2687486285193414
googlenet,implicit precomp gemm,392,inception3a.branch3.0.conv,192,16,1,1,0,0.6202719986438752,0.006255661023200708,0.8479424107765313
googlenet,implicit precomp gemm,392,inception3a.branch3.1.conv,16,32,3,1,1,0.2775327995419502,0.00755255910026585,0.3794010234666021
googlenet,implicit precomp gemm,392,inception3a.branch4.1.conv,192,32,1,1,0,0.6746288001537323,0.00494951464710841,0.9222508390388762
googlenet,implicit precomp gemm,392,inception3b.branch1.conv,256,128,1,1,0,1.1603200018405915,0.009927875897372524,1.5862146635412295
googlenet,implicit precomp gemm,392,inception3b.branch2.0.conv,256,128,1,1,0,1.1118367910385132,0.008517350810698895,1.5199357234317556
googlenet,implicit precomp gemm,392,inception3b.branch2.1.conv,128,192,3,1,1,1.2320864021778106,0.022179783050905146,1.6843228719526075
googlenet,implicit precomp gemm,392,inception3b.branch3.0.conv,256,32,1,1,0,0.696956804394722,0.007850582947210034,0.9527743219388412
googlenet,implicit precomp gemm,392,inception3b.branch3.1.conv,32,96,3,1,1,0.7128192037343979,0.00910437708078234,0.9744590040882724
googlenet,implicit precomp gemm,392,inception3b.branch4.1.conv,256,64,1,1,0,0.9142800033092499,0.013470422428681355,1.249865852119384
googlenet,implicit precomp gemm,392,inception4a.branch1.conv,480,192,1,1,0,0.8237328052520752,0.006139041621962175,1.126083367052308
googlenet,implicit precomp gemm,392,inception4a.branch2.0.conv,480,96,1,1,0,0.7476832002401352,0.007293259440517994,1.0221198066249233
googlenet,implicit precomp gemm,392,inception4a.branch2.1.conv,96,208,3,1,1,0.6608543932437897,0.013429532382966467,0.9034205455099569
googlenet,implicit precomp gemm,392,inception4a.branch3.0.conv,480,16,1,1,0,0.39409120231866834,0.006773547938784319,0.5387421081243632
googlenet,implicit precomp gemm,392,inception4a.branch3.1.conv,16,48,3,1,1,0.2133391998708248,0.004733894024307458,0.29164520701742264
googlenet,implicit precomp gemm,392,inception4a.branch4.1.conv,480,64,1,1,0,0.7366159915924072,0.006752582216049072,1.00699038662557
googlenet,implicit precomp gemm,392,inception4b.branch1.conv,512,160,1,1,0,0.7775679975748062,0.011153556571072618,1.0629737983461875
googlenet,implicit precomp gemm,392,inception4b.branch2.0.conv,512,112,1,1,0,0.7406368046998978,0.006376781756479276,1.0124870364293683
googlenet,implicit precomp gemm,392,inception4b.branch2.1.conv,112,224,3,1,1,0.6838223993778229,0.011335795396239016,0.9348189425593197
googlenet,implicit precomp gemm,392,inception4b.branch3.0.conv,512,24,1,1,0,0.4014480009675026,0.00796171416097633,0.5487992146768574
googlenet,implicit precomp gemm,392,inception4b.branch3.1.conv,24,64,3,1,1,0.22718080058693885,0.00669862886225991,0.3105673577930319
googlenet,implicit precomp gemm,392,inception4b.branch4.1.conv,512,64,1,1,0,0.7413199990987778,0.0049170160352255765,1.0134209968642773
googlenet,implicit precomp gemm,392,inception4c.branch1.conv,512,128,1,1,0,0.769694396853447,0.0083546434684094,1.0522101978745269
googlenet,implicit precomp gemm,392,inception4c.branch2.0.conv,512,128,1,1,0,0.741524800658226,0.004894016175708069,1.0137009706958044
googlenet,implicit precomp gemm,392,inception4c.branch2.1.conv,128,256,3,1,1,0.7361599981784821,0.007866458754265391,1.0063670211414804
googlenet,implicit precomp gemm,392,inception4c.branch3.0.conv,512,24,1,1,0,0.4011071979999542,0.007268703156930378,0.5483333202135662
googlenet,implicit precomp gemm,392,inception4c.branch3.1.conv,24,64,3,1,1,0.22712159901857376,0.0051370349694637146,0.3104864263295594
googlenet,implicit precomp gemm,392,inception4c.branch4.1.conv,512,64,1,1,0,0.7430576056241989,0.006850569790225144,1.0157963906743606
googlenet,implicit precomp gemm,392,inception4d.branch1.conv,512,112,1,1,0,0.7609007954597473,0.005664087494947956,1.040188911114067
googlenet,implicit precomp gemm,392,inception4d.branch2.0.conv,512,144,1,1,0,0.7479999989271164,0.011263164679699669,1.0225528860529112
googlenet,implicit precomp gemm,392,inception4d.branch2.1.conv,144,288,3,1,1,0.9357600003480911,0.005994009158504758,1.2792300673546508
googlenet,implicit precomp gemm,392,inception4d.branch3.0.conv,512,32,1,1,0,0.41217599958181383,0.008022125227023405,0.5634649178324325
googlenet,implicit precomp gemm,392,inception4d.branch3.1.conv,32,64,3,1,1,0.34758879989385605,0.005758890785263461,0.4751710307499111
googlenet,implicit precomp gemm,392,inception4d.branch4.1.conv,512,64,1,1,0,0.7417039960622788,0.0066880281871604585,1.013945939650142
googlenet,implicit precomp gemm,392,inception4e.branch1.conv,528,256,1,1,0,0.9556959986686706,0.00724187119839076,1.306483560199964
googlenet,implicit precomp gemm,392,inception4e.branch2.0.conv,528,160,1,1,0,0.7746192038059234,0.0076745524432552574,1.0589426518447558
googlenet,implicit precomp gemm,392,inception4e.branch2.1.conv,160,320,3,1,1,0.9845919966697693,0.006609399527915059,1.3459858144697285
googlenet,implicit precomp gemm,392,inception4e.branch3.0.conv,528,32,1,1,0,0.4451423972845078,0.006213841500250528,0.6085316092254928
googlenet,implicit precomp gemm,392,inception4e.branch3.1.conv,32,128,3,1,1,0.37902560383081435,0.006703250272313407,0.5181466920334996
googlenet,implicit precomp gemm,392,inception4e.branch4.1.conv,528,128,1,1,0,0.7795743942260742,0.004720548123799856,1.0657166415136525
googlenet,implicit precomp gemm,392,inception5a.branch1.conv,832,256,1,1,0,0.7297135978937149,0.008568569816923242,0.997554474048839
googlenet,implicit precomp gemm,392,inception5a.branch2.0.conv,832,160,1,1,0,0.6473168045282364,0.0058886651910569285,0.8849139941314251
googlenet,implicit precomp gemm,392,inception5a.branch2.1.conv,160,320,3,1,1,0.879416000843048,0.006739265097012692,1.2022050414344843
googlenet,implicit precomp gemm,392,inception5a.branch3.0.conv,832,32,1,1,0,0.44656320065259936,0.005215383371536178,0.6104739174964013
googlenet,implicit precomp gemm,392,inception5a.branch3.1.conv,32,128,3,1,1,0.31590559929609296,0.004321845276888682,0.4318585330799844
googlenet,implicit precomp gemm,392,inception5a.branch4.1.conv,832,128,1,1,0,0.4678543955087662,0.0060183849036863895,0.6395800308371978
googlenet,implicit precomp gemm,392,inception5b.branch1.conv,832,384,1,1,0,0.7643344014883041,0.0044616754280963535,1.0448828198829245
googlenet,implicit precomp gemm,392,inception5b.branch2.0.conv,832,192,1,1,0,0.6687071949243546,0.006255398011586721,0.9141557126671499
googlenet,implicit precomp gemm,392,inception5b.branch2.1.conv,192,384,3,1,1,0.9686160057783126,0.0065456427234517785,1.324145847067261
googlenet,implicit precomp gemm,392,inception5b.branch3.0.conv,832,48,1,1,0,0.4458767965435982,0.007506450082209674,0.6095355692294703
googlenet,implicit precomp gemm,392,inception5b.branch3.1.conv,48,128,3,1,1,0.3156383991241455,0.005963955316684477,0.43149325726799154
googlenet,implicit precomp gemm,392,inception5b.branch4.1.conv,832,128,1,1,0,0.4628959983587265,0.006015872092051684,0.6328016574104037
googlenet,implicit precomp gemm,395,conv1.conv,3,64,7,2,3,1.825382399559021,0.024976466751866343,2.483158217936004
googlenet,implicit precomp gemm,395,conv2.conv,64,64,1,1,0,1.2851951897144318,0.023211326947823994,1.7483147628476001
googlenet,implicit precomp gemm,395,conv3.conv,64,192,3,1,1,2.2251120090484617,0.008235654778112129,3.026930232499005
googlenet,implicit precomp gemm,395,inception3a.branch1.conv,192,64,1,1,0,0.7642671972513199,0.017764471404521746,1.039670576429358
googlenet,implicit precomp gemm,395,inception3a.branch2.0.conv,192,96,1,1,0,1.0544752061367035,0.020038679095526018,1.43445492536834
googlenet,implicit precomp gemm,395,inception3a.branch2.1.conv,96,128,3,1,1,0.9477936059236527,0.011189448474034443,1.2893306531415467
googlenet,implicit precomp gemm,395,inception3a.branch3.0.conv,192,16,1,1,0,0.6205280005931855,0.008539347623100603,0.8441350176843009
googlenet,implicit precomp gemm,395,inception3a.branch3.1.conv,16,32,3,1,1,0.278049598634243,0.005708439218630462,0.37824466041155314
googlenet,implicit precomp gemm,395,inception3a.branch4.1.conv,192,32,1,1,0,0.6905263990163804,0.02174581848128925,0.9393573110124858
googlenet,implicit precomp gemm,395,inception3b.branch1.conv,256,128,1,1,0,1.1278576135635376,0.030117376890717768,1.5342806539925955
googlenet,implicit precomp gemm,395,inception3b.branch2.0.conv,256,128,1,1,0,1.1117392003536224,0.006784150395204903,1.5123539770223573
googlenet,implicit precomp gemm,395,inception3b.branch2.1.conv,128,192,3,1,1,1.2244208037853241,0.02527600086683605,1.665640351230431
googlenet,implicit precomp gemm,395,inception3b.branch3.0.conv,256,32,1,1,0,0.7009295970201492,0.005688371721682123,0.9535092972604714
googlenet,implicit precomp gemm,395,inception3b.branch3.1.conv,32,96,3,1,1,0.7158351957798004,0.00822871452233065,0.9737861225778547
googlenet,implicit precomp gemm,395,inception3b.branch4.1.conv,256,64,1,1,0,0.9223647981882095,0.016852642827150065,1.2547385846983348
googlenet,implicit precomp gemm,395,inception4a.branch1.conv,480,192,1,1,0,0.8235744029283524,0.007877715990604429,1.1203491099768061
googlenet,implicit precomp gemm,395,inception4a.branch2.0.conv,480,96,1,1,0,0.7434479981660843,0.00693663458916004,1.011349187271756
googlenet,implicit precomp gemm,395,inception4a.branch2.1.conv,96,208,3,1,1,0.671342396736145,0.007166119091338202,0.9132603611752477
googlenet,implicit precomp gemm,395,inception4a.branch3.0.conv,480,16,1,1,0,0.3927632004022598,0.004378991821625841,0.5342952627445788
googlenet,implicit precomp gemm,395,inception4a.branch3.1.conv,16,48,3,1,1,0.21693600043654443,0.00787041893210154,0.2951088015203338
googlenet,implicit precomp gemm,395,inception4a.branch4.1.conv,480,64,1,1,0,0.7409168004989624,0.004845512253326882,1.0079058735365884
googlenet,implicit precomp gemm,395,inception4b.branch1.conv,512,160,1,1,0,0.7840063989162445,0.007211199545580706,1.0665227915277364
googlenet,implicit precomp gemm,395,inception4b.branch2.0.conv,512,112,1,1,0,0.7387248039245605,0.01513985229752136,1.0049239918723802
googlenet,implicit precomp gemm,395,inception4b.branch2.1.conv,112,224,3,1,1,0.6718159973621368,0.006283654606119107,0.9139046235975955
googlenet,implicit precomp gemm,395,inception4b.branch3.0.conv,512,24,1,1,0,0.4026991963386536,0.009330001050364077,0.5478116908468743
googlenet,implicit precomp gemm,395,inception4b.branch3.1.conv,24,64,3,1,1,0.227166398614645,0.0058844040753321825,0.30902571959451103
googlenet,implicit precomp gemm,395,inception4b.branch4.1.conv,512,64,1,1,0,0.7432464033365249,0.006653427031534729,1.011074947825909
googlenet,implicit precomp gemm,395,inception4c.branch1.conv,512,128,1,1,0,0.7641855925321579,0.007221569732181176,1.0395595654822498
googlenet,implicit precomp gemm,395,inception4c.branch2.0.conv,512,128,1,1,0,0.7477664083242417,0.010791261009560984,1.0172237348050495
googlenet,implicit precomp gemm,395,inception4c.branch2.1.conv,128,256,3,1,1,0.7296831965446472,0.007667432897195972,0.9926242448855535
googlenet,implicit precomp gemm,395,inception4c.branch3.0.conv,512,24,1,1,0,0.402183997631073,0.0064186669570006115,0.5471108404908569
googlenet,implicit precomp gemm,395,inception4c.branch3.1.conv,24,64,3,1,1,0.23017919808626175,0.006997501168593226,0.3131241801520061
googlenet,implicit precomp gemm,395,inception4c.branch4.1.conv,512,64,1,1,0,0.7407903999090195,0.00343378007097148,1.0077339245445611
googlenet,implicit precomp gemm,395,inception4d.branch1.conv,512,112,1,1,0,0.7575616002082824,0.006851579677844266,1.0305486201709826
googlenet,implicit precomp gemm,395,inception4d.branch2.0.conv,512,144,1,1,0,0.745001596212387,0.006910413135070997,1.013462623753327
googlenet,implicit precomp gemm,395,inception4d.branch2.1.conv,144,288,3,1,1,0.9507359981536865,0.020234217420366827,1.2933333352360847
googlenet,implicit precomp gemm,395,inception4d.branch3.0.conv,512,32,1,1,0,0.41108960211277007,0.005504496447328643,0.559225575989433
googlenet,implicit precomp gemm,395,inception4d.branch3.1.conv,32,64,3,1,1,0.34916319996118544,0.007160703970887071,0.4749840195642885
googlenet,implicit precomp gemm,395,inception4d.branch4.1.conv,512,64,1,1,0,0.7433296024799347,0.006787550888719008,1.0111881277474053
googlenet,implicit precomp gemm,395,inception4e.branch1.conv,528,256,1,1,0,0.9498575985431671,0.005862450320974711,1.292138404676866
googlenet,implicit precomp gemm,395,inception4e.branch2.0.conv,528,160,1,1,0,0.7695391982793808,0.011038769905529449,1.0468423409215317
googlenet,implicit precomp gemm,395,inception4e.branch2.1.conv,160,320,3,1,1,1.0396511852741241,0.008623486775475649,1.4142890745106451
googlenet,implicit precomp gemm,395,inception4e.branch3.0.conv,528,32,1,1,0,0.43824640214443206,0.007687071573719227,0.5961683180624131
googlenet,implicit precomp gemm,395,inception4e.branch3.1.conv,32,128,3,1,1,0.3794896021485329,0.006353321339888868,0.5162385286633882
googlenet,implicit precomp gemm,395,inception4e.branch4.1.conv,528,128,1,1,0,0.7786383986473083,0.0058643153103955,1.0592204345065932
googlenet,implicit precomp gemm,395,inception5a.branch1.conv,832,256,1,1,0,0.7275151908397675,0.005437480123163904,0.9896749991911145
googlenet,implicit precomp gemm,395,inception5a.branch2.0.conv,832,160,1,1,0,0.6460288047790528,0.004682916153777181,0.8788250264700824
googlenet,implicit precomp gemm,395,inception5a.branch2.1.conv,160,320,3,1,1,0.8743568003177643,0.008123165663785393,1.1894309239761487
googlenet,implicit precomp gemm,395,inception5a.branch3.0.conv,832,32,1,1,0,0.4469264030456543,0.006498164879348477,0.6079761538204268
googlenet,implicit precomp gemm,395,inception5a.branch3.1.conv,32,128,3,1,1,0.3161295995116234,0.006160983582710597,0.43004677439080535
googlenet,implicit precomp gemm,395,inception5a.branch4.1.conv,832,128,1,1,0,0.46369279772043226,0.008065417234009024,0.6307843121175
googlenet,implicit precomp gemm,395,inception5b.branch1.conv,832,384,1,1,0,0.767593601346016,0.004462745722275374,1.0441956489105628
googlenet,implicit precomp gemm,395,inception5b.branch2.0.conv,832,192,1,1,0,0.6729792058467865,0.007401798459676849,0.9154869937949462
googlenet,implicit precomp gemm,395,inception5b.branch2.1.conv,192,384,3,1,1,0.9691839993000031,0.00598622018197412,1.3184290662248548
googlenet,implicit precomp gemm,395,inception5b.branch3.0.conv,832,48,1,1,0,0.44639039784669876,0.00789231514975607,0.6072469993621804
googlenet,implicit precomp gemm,395,inception5b.branch3.1.conv,48,128,3,1,1,0.3126624017953873,0.006300246635582416,0.42533017336279033
googlenet,implicit precomp gemm,395,inception5b.branch4.1.conv,832,128,1,1,0,0.4638655990362167,0.007348907102224743,0.6310193823183872
googlenet,implicit precomp gemm,398,conv1.conv,3,64,7,2,3,1.8403407871723174,0.018065586456825815,2.5030072101432115
googlenet,implicit precomp gemm,398,conv2.conv,64,64,1,1,0,1.26519518494606,0.02533316932097888,1.7207642694395953
googlenet,implicit precomp gemm,398,conv3.conv,64,192,3,1,1,2.2477871894836428,0.02494837670322336,3.057166140837317
googlenet,implicit precomp gemm,398,inception3a.branch1.conv,192,64,1,1,0,0.7680992037057877,0.023358571065807552,1.0446749093328824
googlenet,implicit precomp gemm,398,inception3a.branch2.0.conv,192,96,1,1,0,1.0610816121101379,0.02380864778630575,1.443153868117458
googlenet,implicit precomp gemm,398,inception3a.branch2.1.conv,96,128,3,1,1,0.9577504068613052,0.022675414400782322,1.3026153583080795
googlenet,implicit precomp gemm,398,inception3a.branch3.0.conv,192,16,1,1,0,0.623868802189827,0.009988560793302952,0.8485102981735594
googlenet,implicit precomp gemm,398,inception3a.branch3.1.conv,16,32,3,1,1,0.27487839907407763,0.0074222003667223,0.3738560920840024
googlenet,implicit precomp gemm,398,inception3a.branch4.1.conv,192,32,1,1,0,0.6812111973762512,0.013104247362318185,0.9265004343477582
googlenet,implicit precomp gemm,398,inception3b.branch1.conv,256,128,1,1,0,1.1323375940322875,0.029708802103605228,1.540067568971209
googlenet,implicit precomp gemm,398,inception3b.branch2.0.conv,256,128,1,1,0,1.1065935969352723,0.023102192965497214,1.5050537221875693
googlenet,implicit precomp gemm,398,inception3b.branch2.1.conv,128,192,3,1,1,1.218745619058609,0.0326632278860522,1.657589231895081
googlenet,implicit precomp gemm,398,inception3b.branch3.0.conv,256,32,1,1,0,0.7002688020467758,0.007341330805830722,0.95242026519152
googlenet,implicit precomp gemm,398,inception3b.branch3.1.conv,32,96,3,1,1,0.7161199986934662,0.010520620361118786,0.9739791306867664
googlenet,implicit precomp gemm,398,inception3b.branch4.1.conv,256,64,1,1,0,0.9023488014936447,0.015748131885069554,1.2272648478725474
googlenet,implicit precomp gemm,398,inception4a.branch1.conv,480,192,1,1,0,0.8260464012622833,0.007597416309991682,1.1234876239683924
googlenet,implicit precomp gemm,398,inception4a.branch2.0.conv,480,96,1,1,0,0.7487679958343506,0.008992693594216204,1.0183829567661353
googlenet,implicit precomp gemm,398,inception4a.branch2.1.conv,96,208,3,1,1,0.668384000658989,0.017949804298845396,0.9090544449456733
googlenet,implicit precomp gemm,398,inception4a.branch3.0.conv,480,16,1,1,0,0.39325119853019713,0.00740173934344617,0.5348523448371405
googlenet,implicit precomp gemm,398,inception4a.branch3.1.conv,16,48,3,1,1,0.21503200009465218,0.004392738325335494,0.29246031517641635
googlenet,implicit precomp gemm,398,inception4a.branch4.1.conv,480,64,1,1,0,0.7383791983127594,0.0077461888812520845,1.0042533807210299
googlenet,implicit precomp gemm,398,inception4b.branch1.conv,512,160,1,1,0,0.7806496024131775,0.008132002582359976,1.0617444318222666
googlenet,implicit precomp gemm,398,inception4b.branch2.0.conv,512,112,1,1,0,0.738100802898407,0.006969329016229455,1.0038747412134712
googlenet,implicit precomp gemm,398,inception4b.branch2.1.conv,112,224,3,1,1,0.694388797879219,0.025427273699652062,0.9444230002666467
googlenet,implicit precomp gemm,398,inception4b.branch3.0.conv,512,24,1,1,0,0.40300320088863373,0.006045467014273794,0.5481158297235487
googlenet,implicit precomp gemm,398,inception4b.branch3.1.conv,24,64,3,1,1,0.224508798122406,0.008636348859877874,0.3053495006782958
googlenet,implicit precomp gemm,398,inception4b.branch4.1.conv,512,64,1,1,0,0.742457601428032,0.006498255376298032,1.00980032750097
googlenet,implicit precomp gemm,398,inception4c.branch1.conv,512,128,1,1,0,0.7666095972061158,0.007515551016553528,1.0426489281477977
googlenet,implicit precomp gemm,398,inception4c.branch2.0.conv,512,128,1,1,0,0.7444063991308212,0.006032957073148365,1.012450844587366
googlenet,implicit precomp gemm,398,inception4c.branch2.1.conv,128,256,3,1,1,0.7335872054100037,0.018244168646407176,0.9977358960952708
googlenet,implicit precomp gemm,398,inception4c.branch3.0.conv,512,24,1,1,0,0.402889595925808,0.006565767979198819,0.547961318101004
googlenet,implicit precomp gemm,398,inception4c.branch3.1.conv,24,64,3,1,1,0.22659360095858574,0.004418635667038317,0.3081849953687671
googlenet,implicit precomp gemm,398,inception4c.branch4.1.conv,512,64,1,1,0,0.7433551996946335,0.00716876431982415,1.0110211312503492
googlenet,implicit precomp gemm,398,inception4d.branch1.conv,512,112,1,1,0,0.7566799998283387,0.007005265309146616,1.0291439001640497
googlenet,implicit precomp gemm,398,inception4d.branch2.0.conv,512,144,1,1,0,0.7454016029834747,0.00753872822278277,1.0138043995572483
googlenet,implicit precomp gemm,398,inception4d.branch2.1.conv,144,288,3,1,1,0.9528880059719086,0.024906916024099827,1.296002113321282
googlenet,implicit precomp gemm,398,inception4d.branch3.0.conv,512,32,1,1,0,0.41503200232982634,0.004861766704662774,0.5644759391916148
googlenet,implicit precomp gemm,398,inception4d.branch3.1.conv,32,64,3,1,1,0.3480591982603073,0.006684282189727329,0.47338769475451603
googlenet,implicit precomp gemm,398,inception4d.branch4.1.conv,512,64,1,1,0,0.7452592015266418,0.009413449250268748,1.0136107224537074
googlenet,implicit precomp gemm,398,inception4e.branch1.conv,528,256,1,1,0,0.9752927988767623,0.011641561766258416,1.3264743815954532
googlenet,implicit precomp gemm,398,inception4e.branch2.0.conv,528,160,1,1,0,0.7664480090141297,0.01002655106744685,1.042429155585871
googlenet,implicit precomp gemm,398,inception4e.branch2.1.conv,160,320,3,1,1,1.0079871982336044,0.0167659679618548,1.370941318312764
googlenet,implicit precomp gemm,398,inception4e.branch3.0.conv,528,32,1,1,0,0.44250559955835345,0.007151201366390691,0.6018421772443147
googlenet,implicit precomp gemm,398,inception4e.branch3.1.conv,32,128,3,1,1,0.37800160199403765,0.0066578241976227625,0.5141117024801181
googlenet,implicit precomp gemm,398,inception4e.branch4.1.conv,528,128,1,1,0,0.7769743949174881,0.007001002459221477,1.0567458625765034
googlenet,implicit precomp gemm,398,inception5a.branch1.conv,832,256,1,1,0,0.7295376062393188,0.00870339510823051,0.9922281249296987
googlenet,implicit precomp gemm,398,inception5a.branch2.0.conv,832,160,1,1,0,0.649684801697731,0.0065168671036142595,0.8836220738597476
googlenet,implicit precomp gemm,398,inception5a.branch2.1.conv,160,320,3,1,1,0.8739295929670334,0.005795404135313294,1.1886125045976
googlenet,implicit precomp gemm,398,inception5a.branch3.0.conv,832,32,1,1,0,0.4461503982543945,0.012166009465697165,0.6067993881474805
googlenet,implicit precomp gemm,398,inception5a.branch3.1.conv,32,128,3,1,1,0.31714879870414736,0.004938243827464686,0.43134713710521605
googlenet,implicit precomp gemm,398,inception5a.branch4.1.conv,832,128,1,1,0,0.46615039855241774,0.00834275140303486,0.6340009506503341
googlenet,implicit precomp gemm,398,inception5b.branch1.conv,832,384,1,1,0,0.7655024021863938,0.011604897104455635,1.0411430564436461
googlenet,implicit precomp gemm,398,inception5b.branch2.0.conv,832,192,1,1,0,0.6675087988376618,0.007207403837905149,0.9078641021111387
googlenet,implicit precomp gemm,398,inception5b.branch2.1.conv,192,384,3,1,1,0.969363197684288,0.006427023715359223,1.3184096608429225
googlenet,implicit precomp gemm,398,inception5b.branch3.0.conv,832,48,1,1,0,0.4503055974841118,0.008142062842654204,0.6124507836412163
googlenet,implicit precomp gemm,398,inception5b.branch3.1.conv,48,128,3,1,1,0.3156464010477066,0.01320979514230653,0.42930375894787404
googlenet,implicit precomp gemm,398,inception5b.branch4.1.conv,832,128,1,1,0,0.4656432032585144,0.0052538720135726765,0.6333111254362
googlenet,implicit precomp gemm,401,conv1.conv,3,64,7,2,3,1.846116805076599,0.029107830825157055,2.4396064950715353
googlenet,implicit precomp gemm,401,conv2.conv,64,64,1,1,0,1.258076810836792,0.026243906546861668,1.6625233845314427
googlenet,implicit precomp gemm,401,conv3.conv,64,192,3,1,1,2.344713604450226,0.010598124705339843,3.0984922095771834
googlenet,implicit precomp gemm,401,inception3a.branch1.conv,192,64,1,1,0,0.8873840063810349,0.017061020903000195,1.1726602453521073
googlenet,implicit precomp gemm,401,inception3a.branch2.0.conv,192,96,1,1,0,0.8475263983011245,0.0202022009717515,1.1199892121420878
googlenet,implicit precomp gemm,401,inception3a.branch2.1.conv,96,128,3,1,1,0.9836064040660858,0.018420348746790535,1.2998162225461216
googlenet,implicit precomp gemm,401,inception3a.branch3.0.conv,192,16,1,1,0,0.5879471957683563,0.00999367936465648,0.7769604792130491
googlenet,implicit precomp gemm,401,inception3a.branch3.1.conv,16,32,3,1,1,0.2799727991223335,0.011926552742595482,0.3699784636074872
googlenet,implicit precomp gemm,401,inception3a.branch4.1.conv,192,32,1,1,0,0.6402624011039734,0.014226984711024885,0.8460939784460388
googlenet,implicit precomp gemm,401,inception3b.branch1.conv,256,128,1,1,0,1.1172992050647736,0.030213904970815355,1.476488589518683
googlenet,implicit precomp gemm,401,inception3b.branch2.0.conv,256,128,1,1,0,1.0873247981071472,0.02524926433590465,1.436878009246267
googlenet,implicit precomp gemm,401,inception3b.branch2.1.conv,128,192,3,1,1,1.2553200125694275,0.021561842191049226,1.6588803306682363
googlenet,implicit precomp gemm,401,inception3b.branch3.0.conv,256,32,1,1,0,0.656435203552246,0.006820962673316543,0.8674660139466189
googlenet,implicit precomp gemm,401,inception3b.branch3.1.conv,32,96,3,1,1,0.7315504044294358,0.013718136344343766,0.9667292520227123
googlenet,implicit precomp gemm,401,inception3b.branch4.1.conv,256,64,1,1,0,0.9695887982845306,0.015511455181817405,1.2812922364061357
googlenet,implicit precomp gemm,401,inception4a.branch1.conv,480,192,1,1,0,0.8491424024105072,0.012169398418094097,1.1221247293046375
googlenet,implicit precomp gemm,401,inception4a.branch2.0.conv,480,96,1,1,0,0.7544432044029236,0.007818084581168928,0.996981630069494
googlenet,implicit precomp gemm,401,inception4a.branch2.1.conv,96,208,3,1,1,0.6779904007911682,0.009737199153946453,0.8959507766886171
googlenet,implicit precomp gemm,401,inception4a.branch3.0.conv,480,16,1,1,0,0.4008191958069801,0.005473792411144589,0.5296745637930995
googlenet,implicit precomp gemm,401,inception4a.branch3.1.conv,16,48,3,1,1,0.21898559853434563,0.0063742135645445735,0.28938509580890287
googlenet,implicit precomp gemm,401,inception4a.branch4.1.conv,480,64,1,1,0,0.7486959964036941,0.010698903008878251,0.9893868094574442
googlenet,implicit precomp gemm,401,inception4b.branch1.conv,512,160,1,1,0,0.8064079970121384,0.014932315223652556,1.065652065881504
googlenet,implicit precomp gemm,401,inception4b.branch2.0.conv,512,112,1,1,0,0.7321615964174271,0.008396939348699863,0.9675369300307013
googlenet,implicit precomp gemm,401,inception4b.branch2.1.conv,112,224,3,1,1,0.72430399954319,0.016210387267413723,0.9571532726600902
googlenet,implicit precomp gemm,401,inception4b.branch3.0.conv,512,24,1,1,0,0.40999039709568025,0.007167026406194804,0.5417941231676717
googlenet,implicit precomp gemm,401,inception4b.branch3.1.conv,24,64,3,1,1,0.23232160061597823,0.0059082411785129135,0.3070083562695477
googlenet,implicit precomp gemm,401,inception4b.branch4.1.conv,512,64,1,1,0,0.7470512002706527,0.0075291485557897634,0.9872132442105422
googlenet,implicit precomp gemm,401,inception4c.branch1.conv,512,128,1,1,0,0.7734255969524384,0.0057145627207709155,1.0220664827876147
googlenet,implicit precomp gemm,401,inception4c.branch2.0.conv,512,128,1,1,0,0.7512959957122802,0.011415314034956386,0.9928226566275505
googlenet,implicit precomp gemm,401,inception4c.branch2.1.conv,128,256,3,1,1,0.9180335968732833,0.021256505198412438,1.2131630671836164
googlenet,implicit precomp gemm,401,inception4c.branch3.0.conv,512,24,1,1,0,0.4130528002977371,0.004687033343720271,0.5458410278498247
googlenet,implicit precomp gemm,401,inception4c.branch3.1.conv,24,64,3,1,1,0.2332832008600235,0.005766100489460747,0.3082790917910403
googlenet,implicit precomp gemm,401,inception4c.branch4.1.conv,512,64,1,1,0,0.7441903948783875,0.005603681135794208,0.98343274700857
googlenet,implicit precomp gemm,401,inception4d.branch1.conv,512,112,1,1,0,0.7584351986646652,0.0065290651484468136,1.0022569707751594
googlenet,implicit precomp gemm,401,inception4d.branch2.0.conv,512,144,1,1,0,0.7589551985263825,0.0074889439854458695,1.0029441402091805
googlenet,implicit precomp gemm,401,inception4d.branch2.1.conv,144,288,3,1,1,0.9839695990085602,0.01615095172601604,1.3002961774104083
googlenet,implicit precomp gemm,401,inception4d.branch3.0.conv,512,32,1,1,0,0.4208736002445221,0.00832126223838443,0.5561760588155604
googlenet,implicit precomp gemm,401,inception4d.branch3.1.conv,32,64,3,1,1,0.35320000201463697,0.005862392614207238,0.4667467500456643
googlenet,implicit precomp gemm,401,inception4d.branch4.1.conv,512,64,1,1,0,0.7464288026094437,0.006626484437180607,0.9863907581291483
googlenet,implicit precomp gemm,401,inception4e.branch1.conv,528,256,1,1,0,0.9792432129383087,0.027241413140148052,1.2940503525939646
googlenet,implicit precomp gemm,401,inception4e.branch2.0.conv,528,160,1,1,0,0.8250879973173142,0.009118673721050912,1.09033731328683
googlenet,implicit precomp gemm,401,inception4e.branch2.1.conv,160,320,3,1,1,1.0203984022140502,0.010967280550698061,1.3484361134444713
googlenet,implicit precomp gemm,401,inception4e.branch3.0.conv,528,32,1,1,0,0.44640799760818484,0.006358780603969867,0.5899192550666472
googlenet,implicit precomp gemm,401,inception4e.branch3.1.conv,32,128,3,1,1,0.3849519997835159,0.005036277097033173,0.5087063810806246
googlenet,implicit precomp gemm,401,inception4e.branch4.1.conv,528,128,1,1,0,0.777401602268219,0.011416884487394505,1.027320694420456
googlenet,implicit precomp gemm,401,inception5a.branch1.conv,832,256,1,1,0,0.6568143963813782,0.009549967386394782,0.8679671096986816
googlenet,implicit precomp gemm,401,inception5a.branch2.0.conv,832,160,1,1,0,0.58125119805336,0.008150722897163136,0.768111851936829
googlenet,implicit precomp gemm,401,inception5a.branch2.1.conv,160,320,3,1,1,0.8923568010330201,0.008862683578465211,1.1792316941890821
googlenet,implicit precomp gemm,401,inception5a.branch3.0.conv,832,32,1,1,0,0.4570591986179352,0.005557982817949249,0.6039946045202921
googlenet,implicit precomp gemm,401,inception5a.branch3.1.conv,32,128,3,1,1,0.32470560222864153,0.00745899136486308,0.42909196969811464
googlenet,implicit precomp gemm,401,inception5a.branch4.1.conv,832,128,1,1,0,0.5925632029771805,0.0067927886360147375,0.7830604405681363
googlenet,implicit precomp gemm,401,inception5b.branch1.conv,832,384,1,1,0,0.8379008024930954,0.007624442495935155,1.107269179483468
googlenet,implicit precomp gemm,401,inception5b.branch2.0.conv,832,192,1,1,0,0.6025343984365463,0.006935487694671375,0.7962371762651431
googlenet,implicit precomp gemm,401,inception5b.branch2.1.conv,192,384,3,1,1,0.9815583944320678,0.005107645093036857,1.2971098187089538
googlenet,implicit precomp gemm,401,inception5b.branch3.0.conv,832,48,1,1,0,0.4600943997502327,0.008658973199293561,0.6080055622104228
googlenet,implicit precomp gemm,401,inception5b.branch3.1.conv,48,128,3,1,1,0.3224736019968987,0.005260983333575556,0.42614242595993546
googlenet,implicit precomp gemm,401,inception5b.branch4.1.conv,832,128,1,1,0,0.5931392014026642,0.006811379853983772,0.7838216109860084
googlenet,implicit precomp gemm,404,conv1.conv,3,64,7,2,3,1.9041888117790222,0.017773086545392905,2.5048579507877777
googlenet,implicit precomp gemm,404,conv2.conv,64,64,1,1,0,1.3051199972629548,0.02102719407647946,1.7168151507108074
googlenet,implicit precomp gemm,404,conv3.conv,64,192,3,1,1,2.305399990081787,0.011578475131227525,3.0326296736862526
googlenet,implicit precomp gemm,404,inception3a.branch1.conv,192,64,1,1,0,0.9170752018690109,0.01450002542920848,1.2063630962760208
googlenet,implicit precomp gemm,404,inception3a.branch2.0.conv,192,96,1,1,0,0.8311839967966079,0.010518395199412205,1.093377836307316
googlenet,implicit precomp gemm,404,inception3a.branch2.1.conv,96,128,3,1,1,0.9944016009569168,0.008067228601744606,1.3080818146945845
googlenet,implicit precomp gemm,404,inception3a.branch3.0.conv,192,16,1,1,0,0.5852032005786896,0.008277563067465877,0.7698033308086124
googlenet,implicit precomp gemm,404,inception3a.branch3.1.conv,16,32,3,1,1,0.27759199887514113,0.0062540944150496595,0.36515734214814866
googlenet,implicit precomp gemm,404,inception3a.branch4.1.conv,192,32,1,1,0,0.6487839907407761,0.007677361349805005,0.8534404400961518
googlenet,implicit precomp gemm,404,inception3b.branch1.conv,256,128,1,1,0,1.1479120075702667,0.007858370212139806,1.51001649688341
googlenet,implicit precomp gemm,404,inception3b.branch2.0.conv,256,128,1,1,0,1.1278704106807709,0.008410664405828938,1.483652854263204
googlenet,implicit precomp gemm,404,inception3b.branch2.1.conv,128,192,3,1,1,1.2515728056430817,0.010212877972520287,1.6463767005730374
googlenet,implicit precomp gemm,404,inception3b.branch3.0.conv,256,32,1,1,0,0.6712128043174743,0.009989197454684155,0.8829443378539803
googlenet,implicit precomp gemm,404,inception3b.branch3.1.conv,32,96,3,1,1,0.7089152008295059,0.007336585166091088,0.9325398123587822
googlenet,implicit precomp gemm,404,inception3b.branch4.1.conv,256,64,1,1,0,0.9536112010478973,0.015019367718868854,1.2544242378325177
googlenet,implicit precomp gemm,404,inception4a.branch1.conv,480,192,1,1,0,0.8402464061975479,0.00552802393081081,1.1052989483844478
googlenet,implicit precomp gemm,404,inception4a.branch2.0.conv,480,96,1,1,0,0.7592655956745148,0.010175769431616011,0.9987730483029607
googlenet,implicit precomp gemm,404,inception4a.branch2.1.conv,96,208,3,1,1,0.6753183990716934,0.008864543010539657,0.8883450269028833
googlenet,implicit precomp gemm,404,inception4a.branch3.0.conv,480,16,1,1,0,0.398175998032093,0.006700336516862876,0.5237791065223896
googlenet,implicit precomp gemm,404,inception4a.branch3.1.conv,16,48,3,1,1,0.21622399985790253,0.006405133176257542,0.28443104058005325
googlenet,implicit precomp gemm,404,inception4a.branch4.1.conv,480,64,1,1,0,0.7454255998134613,0.004611273802155707,0.9805672782359465
googlenet,implicit precomp gemm,404,inception4b.branch1.conv,512,160,1,1,0,0.7880448043346405,0.008867204015813746,1.0366305491893075
googlenet,implicit precomp gemm,404,inception4b.branch2.0.conv,512,112,1,1,0,0.7371104001998902,0.00969204851537319,0.9696290804398036
googlenet,implicit precomp gemm,404,inception4b.branch2.1.conv,112,224,3,1,1,0.7420320034027099,0.01050340470496203,0.976103184707693
googlenet,implicit precomp gemm,404,inception4b.branch3.0.conv,512,24,1,1,0,0.40854880064725874,0.0056883019299657275,0.5374239703834872
googlenet,implicit precomp gemm,404,inception4b.branch3.1.conv,24,64,3,1,1,0.23407200053334237,0.005391129968804327,0.30790912537972875
googlenet,implicit precomp gemm,404,inception4b.branch4.1.conv,512,64,1,1,0,0.7440047979354858,0.006085496664845044,0.9786982897939778
googlenet,implicit precomp gemm,404,inception4c.branch1.conv,512,128,1,1,0,0.7724111974239349,0.012057447665314695,1.0160653802693276
googlenet,implicit precomp gemm,404,inception4c.branch2.0.conv,512,128,1,1,0,0.7592847973108292,0.00723604231216852,0.9987983070226278
googlenet,implicit precomp gemm,404,inception4c.branch2.1.conv,128,256,3,1,1,0.9250896036624908,0.008950828333016268,1.2169056107205054
googlenet,implicit precomp gemm,404,inception4c.branch3.0.conv,512,24,1,1,0,0.41055039763450624,0.008686068941505896,0.5400569635492729
googlenet,implicit precomp gemm,404,inception4c.branch3.1.conv,24,64,3,1,1,0.23309920132160186,0.006169591735561645,0.3066294603460014
googlenet,implicit precomp gemm,404,inception4c.branch4.1.conv,512,64,1,1,0,0.7437104105949401,0.006198025712246161,0.9783110390833257
googlenet,implicit precomp gemm,404,inception4d.branch1.conv,512,112,1,1,0,0.7623408019542695,0.009051155010842285,1.0028183167408942
googlenet,implicit precomp gemm,404,inception4d.branch2.0.conv,512,144,1,1,0,0.7613903969526291,0.010819079272508962,1.0015681100859128
googlenet,implicit precomp gemm,404,inception4d.branch2.1.conv,144,288,3,1,1,0.9963936090469361,0.010171813380336481,1.3107021941818775
googlenet,implicit precomp gemm,404,inception4d.branch3.0.conv,512,32,1,1,0,0.4186031982302666,0.010381527354274795,0.550649989552589
googlenet,implicit precomp gemm,404,inception4d.branch3.1.conv,32,64,3,1,1,0.35813440233469007,0.008406308800404412,0.47110654132064156
googlenet,implicit precomp gemm,404,inception4d.branch4.1.conv,512,64,1,1,0,0.7433664053678513,0.006614433931472618,0.977858518711997
googlenet,implicit precomp gemm,404,inception4e.branch1.conv,528,256,1,1,0,1.0006287962198257,0.009729792146524864,1.3162733550864392
googlenet,implicit precomp gemm,404,inception4e.branch2.0.conv,528,160,1,1,0,0.8190111964941025,0.005796180291028323,1.0773651723149278
googlenet,implicit precomp gemm,404,inception4e.branch2.1.conv,160,320,3,1,1,1.0286480069160462,0.013794785913421367,1.3531311195334716
googlenet,implicit precomp gemm,404,inception4e.branch3.0.conv,528,32,1,1,0,0.43932799696922303,0.0058699118055168115,0.5779123474546141
googlenet,implicit precomp gemm,404,inception4e.branch3.1.conv,32,128,3,1,1,0.40310880094766616,0.005921488318498949,0.5302679434099452
googlenet,implicit precomp gemm,404,inception4e.branch4.1.conv,528,128,1,1,0,0.7881247967481613,0.006241545867575277,1.036735774906301
googlenet,implicit precomp gemm,404,inception5a.branch1.conv,832,256,1,1,0,0.6581135988235474,0.0108962575708781,0.8657130376659433
googlenet,implicit precomp gemm,404,inception5a.branch2.0.conv,832,160,1,1,0,0.5861375987529754,0.009596458911417347,0.7710324813432565
googlenet,implicit precomp gemm,404,inception5a.branch2.1.conv,160,320,3,1,1,0.9092752039432526,0.01826289410312171,1.1961026185862007
googlenet,implicit precomp gemm,404,inception5a.branch3.0.conv,832,32,1,1,0,0.45885439664125444,0.007171466357061024,0.6035982758490005
googlenet,implicit precomp gemm,404,inception5a.branch3.1.conv,32,128,3,1,1,0.32583999782800677,0.004777902741239121,0.42862498938937765
googlenet,implicit precomp gemm,404,inception5a.branch4.1.conv,832,128,1,1,0,0.5902095973491669,0.005774360590543307,0.7763889764534959
googlenet,implicit precomp gemm,404,inception5b.branch1.conv,832,384,1,1,0,0.8436335980892181,0.009611355719600067,1.1097546171123653
googlenet,implicit precomp gemm,404,inception5b.branch2.0.conv,832,192,1,1,0,0.6057936012744903,0.006779982816991336,0.796888895314475
googlenet,implicit precomp gemm,404,inception5b.branch2.1.conv,192,384,3,1,1,0.9932815998792648,0.014087819118633571,1.3066085135246095
googlenet,implicit precomp gemm,404,inception5b.branch3.0.conv,832,48,1,1,0,0.4557648003101349,0.006935643146624944,0.5995340780725735
googlenet,implicit precomp gemm,404,inception5b.branch3.1.conv,48,128,3,1,1,0.3249439984560013,0.008643604096968254,0.42744635041356516
googlenet,implicit precomp gemm,404,inception5b.branch4.1.conv,832,128,1,1,0,0.5909776031970978,0.007153021576041115,0.777399246833482
googlenet,implicit precomp gemm,407,conv1.conv,3,64,7,2,3,1.9734672009944916,0.025400954110845888,2.564476082765089
googlenet,implicit precomp gemm,407,conv2.conv,64,64,1,1,0,1.3082095980644226,0.0291086048614964,1.6999888438932846
googlenet,implicit precomp gemm,407,conv3.conv,64,192,3,1,1,2.326628804206848,0.029083973274280594,3.0234016146070495
googlenet,implicit precomp gemm,407,inception3a.branch1.conv,192,64,1,1,0,0.7747759997844696,0.013725279689857798,1.006803923544523
googlenet,implicit precomp gemm,407,inception3a.branch2.0.conv,192,96,1,1,0,1.0473823964595794,0.006615933828206978,1.3610497827763346
googlenet,implicit precomp gemm,407,inception3a.branch2.1.conv,96,128,3,1,1,0.9851936042308808,0.018283464644283782,1.2802368509950626
googlenet,implicit precomp gemm,407,inception3a.branch3.0.conv,192,16,1,1,0,0.6314080029726028,0.008969939445281955,0.8205004477772557
googlenet,implicit precomp gemm,407,inception3a.branch3.1.conv,16,32,3,1,1,0.2821520000696182,0.005351593107989108,0.36665015538045886
googlenet,implicit precomp gemm,407,inception3a.branch4.1.conv,192,32,1,1,0,0.6891808062791824,0.01238523828541763,0.8955749016315455
googlenet,implicit precomp gemm,407,inception3b.branch1.conv,256,128,1,1,0,1.1629584014415741,0.020872552839888005,1.5112381924790663
googlenet,implicit precomp gemm,407,inception3b.branch2.0.conv,256,128,1,1,0,1.1299743950366974,0.021370026043266915,1.4683762206680064
googlenet,implicit precomp gemm,407,inception3b.branch2.1.conv,128,192,3,1,1,1.3039664030075073,0.020995967279837578,1.6944749076938468
googlenet,implicit precomp gemm,407,inception3b.branch3.0.conv,256,32,1,1,0,0.7122992038726806,0.008303970913301538,0.9256167374778692
googlenet,implicit precomp gemm,407,inception3b.branch3.1.conv,32,96,3,1,1,0.6856000006198884,0.004915472240749975,0.8909217255029217
googlenet,implicit precomp gemm,407,inception3b.branch4.1.conv,256,64,1,1,0,0.939384001493454,0.02330275512079512,1.220708306248081
googlenet,implicit precomp gemm,407,inception4a.branch1.conv,480,192,1,1,0,0.8276384025812149,0.009640126934409816,1.0754974227734093
googlenet,implicit precomp gemm,407,inception4a.branch2.0.conv,480,96,1,1,0,0.7469120025634766,0.0070492330598686355,0.9705952880995252
googlenet,implicit precomp gemm,407,inception4a.branch2.1.conv,96,208,3,1,1,0.6826735973358155,0.013611886582698369,0.8871189304897853
googlenet,implicit precomp gemm,407,inception4a.branch3.0.conv,480,16,1,1,0,0.3987663984298706,0.010061296166015156,0.5181879338397131
googlenet,implicit precomp gemm,407,inception4a.branch3.1.conv,16,48,3,1,1,0.2233343981206417,0.006168737819015284,0.290218009273477
googlenet,implicit precomp gemm,407,inception4a.branch4.1.conv,480,64,1,1,0,0.7445456027984619,0.006035644144489564,0.9675202050190552
googlenet,implicit precomp gemm,407,inception4b.branch1.conv,512,160,1,1,0,0.7947279989719391,0.009049630191746538,1.0327310961338774
googlenet,implicit precomp gemm,407,inception4b.branch2.0.conv,512,112,1,1,0,0.7285311967134476,0.008053851445285393,0.9467098457873379
googlenet,implicit precomp gemm,407,inception4b.branch2.1.conv,112,224,3,1,1,0.7041487991809845,0.006568068397230892,0.9150254705512244
googlenet,implicit precomp gemm,407,inception4b.branch3.0.conv,512,24,1,1,0,0.40571999847888945,0.0072028312181170095,0.5272239801473673
googlenet,implicit precomp gemm,407,inception4b.branch3.1.conv,24,64,3,1,1,0.23635680004954338,0.006766772054834226,0.30714032663957924
googlenet,implicit precomp gemm,407,inception4b.branch4.1.conv,512,64,1,1,0,0.7484336018562316,0.010119291838541947,0.9725725720350558
googlenet,implicit precomp gemm,407,inception4c.branch1.conv,512,128,1,1,0,0.7755136013031005,0.0071606832115297765,1.0077624200689077
googlenet,implicit precomp gemm,407,inception4c.branch2.0.conv,512,128,1,1,0,0.754775995016098,0.009837298276064365,0.9808143687863643
googlenet,implicit precomp gemm,407,inception4c.branch2.1.conv,128,256,3,1,1,0.9373007982969284,0.014673128482541578,1.2180012307160746
googlenet,implicit precomp gemm,407,inception4c.branch3.0.conv,512,24,1,1,0,0.4149087980389595,0.006282124015492394,0.5391646177669067
googlenet,implicit precomp gemm,407,inception4c.branch3.1.conv,24,64,3,1,1,0.2350111998617649,0.007902480502607358,0.30539174956832965
googlenet,implicit precomp gemm,407,inception4c.branch4.1.conv,512,64,1,1,0,0.7440720051527023,0.005187007588127713,0.9669047755683948
googlenet,implicit precomp gemm,407,inception4d.branch1.conv,512,112,1,1,0,0.7567024022340775,0.010232469802157824,0.9833176914834352
googlenet,implicit precomp gemm,407,inception4d.branch2.0.conv,512,144,1,1,0,0.7578272014856339,0.007860100378579692,0.9847793427219633
googlenet,implicit precomp gemm,407,inception4d.branch2.1.conv,144,288,3,1,1,0.9417871981859207,0.015168043296929315,1.2238312061051981
googlenet,implicit precomp gemm,407,inception4d.branch3.0.conv,512,32,1,1,0,0.4177024006843567,0.005497779663519938,0.5427948413476483
googlenet,implicit precomp gemm,407,inception4d.branch3.1.conv,32,64,3,1,1,0.35049600154161453,0.007252060608399965,0.4554616426385568
googlenet,implicit precomp gemm,407,inception4d.branch4.1.conv,512,64,1,1,0,0.7456304013729096,0.005235615487914854,0.9689298762805724
googlenet,implicit precomp gemm,407,inception4e.branch1.conv,528,256,1,1,0,0.9624848037958145,0.017188543998364156,1.2507272774107305
googlenet,implicit precomp gemm,407,inception4e.branch2.0.conv,528,160,1,1,0,0.8162751972675324,0.009881786585804804,1.060731193957545
googlenet,implicit precomp gemm,407,inception4e.branch2.1.conv,160,320,3,1,1,1.0503167986869812,0.019526085148046983,1.3648629722357755
googlenet,implicit precomp gemm,407,inception4e.branch3.0.conv,528,32,1,1,0,0.4456415995955467,0.007941702076887372,0.5791011996916111
googlenet,implicit precomp gemm,407,inception4e.branch3.1.conv,32,128,3,1,1,0.3877935990691185,0.009510702710600916,0.503929028747473
googlenet,implicit precomp gemm,407,inception4e.branch4.1.conv,528,128,1,1,0,0.7857919991016388,0.005323833325948014,1.0211189660050213
googlenet,implicit precomp gemm,407,inception5a.branch1.conv,832,256,1,1,0,0.6562431991100312,0.011164146543633199,0.8527732245799915
googlenet,implicit precomp gemm,407,inception5a.branch2.0.conv,832,160,1,1,0,0.5820927947759629,0.005543637080843714,0.7564164478642433
googlenet,implicit precomp gemm,407,inception5a.branch2.1.conv,160,320,3,1,1,0.8823727995157242,0.005705914510151346,1.1466235361298338
googlenet,implicit precomp gemm,407,inception5a.branch3.0.conv,832,32,1,1,0,0.4574639990925789,0.004839760875679607,0.5944641409838478
googlenet,implicit precomp gemm,407,inception5a.branch3.1.conv,32,128,3,1,1,0.3238512009382248,0.007918827502097887,0.4208373256785363
googlenet,implicit precomp gemm,407,inception5a.branch4.1.conv,832,128,1,1,0,0.5905392020940781,0.005019028200454306,0.7673923635225746
googlenet,implicit precomp gemm,407,inception5b.branch1.conv,832,384,1,1,0,0.8409647911787033,0.008696544077258998,1.09281476395378
googlenet,implicit precomp gemm,407,inception5b.branch2.0.conv,832,192,1,1,0,0.5990495949983596,0.009734331901768313,0.7784514270058519
googlenet,implicit precomp gemm,407,inception5b.branch2.1.conv,192,384,3,1,1,0.9814239978790283,0.006338135034410953,1.2753383326280519
googlenet,implicit precomp gemm,407,inception5b.branch3.0.conv,832,48,1,1,0,0.4619040012359619,0.009945111435991092,0.6002338235498381
googlenet,implicit precomp gemm,407,inception5b.branch3.1.conv,48,128,3,1,1,0.3244367986917496,0.00809111193537335,0.42159829674118104
googlenet,implicit precomp gemm,407,inception5b.branch4.1.conv,832,128,1,1,0,0.5921151995658874,0.006538712244338718,0.7694403366639151
googlenet,implicit precomp gemm,410,conv1.conv,3,64,7,2,3,1.944352000951767,0.020294079684904345,2.5310395645937414
googlenet,implicit precomp gemm,410,conv2.conv,64,64,1,1,0,1.3057248175144196,0.01652577339494105,1.6997134119661503
googlenet,implicit precomp gemm,410,conv3.conv,64,192,3,1,1,2.3662351727485658,0.020110420469022932,3.080221502293964
googlenet,implicit precomp gemm,410,inception3a.branch1.conv,192,64,1,1,0,0.7545840024948121,0.0073606347762211225,0.9822717101579231
googlenet,implicit precomp gemm,410,inception3a.branch2.0.conv,192,96,1,1,0,1.0500128149986268,0.0056585824459119164,1.3668430288296858
googlenet,implicit precomp gemm,410,inception3a.branch2.1.conv,96,128,3,1,1,0.9815168112516404,0.0086317365135638,1.2776790835073775
googlenet,implicit precomp gemm,410,inception3a.branch3.0.conv,192,16,1,1,0,0.6319279998540879,0.00865598841027614,0.8226055615559095
googlenet,implicit precomp gemm,410,inception3a.branch3.1.conv,16,32,3,1,1,0.2775039985775948,0.006903864840442055,0.3612378825382665
googlenet,implicit precomp gemm,410,inception3a.branch4.1.conv,192,32,1,1,0,0.6872463971376419,0.007863111203877305,0.8946156976352065
googlenet,implicit precomp gemm,410,inception3b.branch1.conv,256,128,1,1,0,1.171198409795761,0.01995911675421325,1.5245950896397804
googlenet,implicit precomp gemm,410,inception3b.branch2.0.conv,256,128,1,1,0,1.1347792029380799,0.01096462267127241,1.4771867739527067
googlenet,implicit precomp gemm,410,inception3b.branch2.1.conv,128,192,3,1,1,1.2379680037498475,0.018749741017529773,1.6115116993518734
googlenet,implicit precomp gemm,410,inception3b.branch3.0.conv,256,32,1,1,0,0.7195408046245575,0.009274584346064138,0.9366545995544497
googlenet,implicit precomp gemm,410,inception3b.branch3.1.conv,32,96,3,1,1,0.6739119976758957,0.012923096685500459,0.8772577847720746
googlenet,implicit precomp gemm,410,inception3b.branch4.1.conv,256,64,1,1,0,0.9523903995752334,0.016623469008811342,1.239764086484439
googlenet,implicit precomp gemm,410,inception4a.branch1.conv,480,192,1,1,0,0.811507198214531,0.004830651302876136,1.0563708755555448
googlenet,implicit precomp gemm,410,inception4a.branch2.0.conv,480,96,1,1,0,0.7407104045152664,0.0068034268082181075,0.9642119013515397
googlenet,implicit precomp gemm,410,inception4a.branch2.1.conv,96,208,3,1,1,0.6859455943107605,0.010384580287468248,0.8929223913722661
googlenet,implicit precomp gemm,410,inception4a.branch3.0.conv,480,16,1,1,0,0.3986511990427971,0.007251505068419855,0.5189399639345881
googlenet,implicit precomp gemm,410,inception4a.branch3.1.conv,16,48,3,1,1,0.21966079920530318,0.008448463458638695,0.2859411121580632
googlenet,implicit precomp gemm,410,inception4a.branch4.1.conv,480,64,1,1,0,0.7452015995979309,0.005080826251303118,0.9700582668455286
googlenet,implicit precomp gemm,410,inception4b.branch1.conv,512,160,1,1,0,0.7953679978847503,0.00933905166986438,1.0353618429546663
googlenet,implicit precomp gemm,410,inception4b.branch2.0.conv,512,112,1,1,0,0.7259663999080658,0.006205999603415571,0.9450190499629486
googlenet,implicit precomp gemm,410,inception4b.branch2.1.conv,112,224,3,1,1,0.7136655956506729,0.009185018794772166,0.9290066086783743
googlenet,implicit precomp gemm,410,inception4b.branch3.0.conv,512,24,1,1,0,0.40781120210886,0.006836298535169103,0.530863900629516
googlenet,implicit precomp gemm,410,inception4b.branch3.1.conv,24,64,3,1,1,0.23189759850502015,0.006561293842593603,0.30187023566883486
googlenet,implicit precomp gemm,410,inception4b.branch4.1.conv,512,64,1,1,0,0.7472047984600068,0.004752778929498071,0.9726659096865273
googlenet,implicit precomp gemm,410,inception4c.branch1.conv,512,128,1,1,0,0.7736191928386689,0.007069301002578079,1.0070505669988092
googlenet,implicit precomp gemm,410,inception4c.branch2.0.conv,512,128,1,1,0,0.7505119949579239,0.007562253928836522,0.9769710175990949
googlenet,implicit precomp gemm,410,inception4c.branch2.1.conv,128,256,3,1,1,0.9174160122871399,0.007622119161576711,1.194236549325397
googlenet,implicit precomp gemm,410,inception4c.branch3.0.conv,512,24,1,1,0,0.41589119881391523,0.006778467101172612,0.5413819505156843
googlenet,implicit precomp gemm,410,inception4c.branch3.1.conv,24,64,3,1,1,0.23079359903931618,0.003458890189598721,0.3004331160908884
googlenet,implicit precomp gemm,410,inception4c.branch4.1.conv,512,64,1,1,0,0.7460816025733947,0.004593048124742717,0.9712038013715656
googlenet,implicit precomp gemm,410,inception4d.branch1.conv,512,112,1,1,0,0.7603855997323989,0.005939032048432088,0.9898238777381669
googlenet,implicit precomp gemm,410,inception4d.branch2.0.conv,512,144,1,1,0,0.7453168034553528,0.007424132496664232,0.9702082322432477
googlenet,implicit precomp gemm,410,inception4d.branch2.1.conv,144,288,3,1,1,0.9825263977050781,0.008830817626055453,1.2789933019494488
googlenet,implicit precomp gemm,410,inception4d.branch3.0.conv,512,32,1,1,0,0.41641759872436523,0.006011111201353011,0.5420671860077636
googlenet,implicit precomp gemm,410,inception4d.branch3.1.conv,32,64,3,1,1,0.35602559596300126,0.007774656942190241,0.46345253788888185
googlenet,implicit precomp gemm,410,inception4d.branch4.1.conv,512,64,1,1,0,0.7439855992794037,0.01247206260500813,0.9684753513470775
googlenet,implicit precomp gemm,410,inception4e.branch1.conv,528,256,1,1,0,0.9965872019529343,0.014150092158465868,1.2972968045271256
googlenet,implicit precomp gemm,410,inception4e.branch2.0.conv,528,160,1,1,0,0.8224159985780716,0.00923346204994887,1.0705712905569749
googlenet,implicit precomp gemm,410,inception4e.branch2.1.conv,160,320,3,1,1,1.0262176156044007,0.012692006411908622,1.335867880767657
googlenet,implicit precomp gemm,410,inception4e.branch3.0.conv,528,32,1,1,0,0.4419551983475685,0.0059009061488548495,0.575310485060323
googlenet,implicit precomp gemm,410,inception4e.branch3.1.conv,32,128,3,1,1,0.38461280018091204,0.007384955119227016,0.5006656273301122
googlenet,implicit precomp gemm,410,inception4e.branch4.1.conv,528,128,1,1,0,0.7744143933057785,0.005235507112768303,1.008085710760357
googlenet,implicit precomp gemm,410,inception5a.branch1.conv,832,256,1,1,0,0.653099200129509,0.008381919064470165,0.8501649466367994
googlenet,implicit precomp gemm,410,inception5a.branch2.0.conv,832,160,1,1,0,0.5820832014083862,0.006088769871390908,0.7577206246239567
googlenet,implicit precomp gemm,410,inception5a.branch2.1.conv,160,320,3,1,1,0.8801039963960647,0.006907422997613795,1.1456660289624
googlenet,implicit precomp gemm,410,inception5a.branch3.0.conv,832,32,1,1,0,0.457948799431324,0.0062761371498798926,0.5961299853892238
googlenet,implicit precomp gemm,410,inception5a.branch3.1.conv,32,128,3,1,1,0.32457440048456193,0.006253632332205496,0.42251127824518814
googlenet,implicit precomp gemm,410,inception5a.branch4.1.conv,832,128,1,1,0,0.5872799962759018,0.0071527810354646915,0.7644854971430897
googlenet,implicit precomp gemm,410,inception5b.branch1.conv,832,384,1,1,0,0.8378208011388779,0.005175923682051757,1.0906243286627653
googlenet,implicit precomp gemm,410,inception5b.branch2.0.conv,832,192,1,1,0,0.5990864038467407,0.006402776991577235,0.7798543627923572
googlenet,implicit precomp gemm,410,inception5b.branch2.1.conv,192,384,3,1,1,0.9830976009368897,0.0078046316540166406,1.2797368596892158
googlenet,implicit precomp gemm,410,inception5b.branch3.0.conv,832,48,1,1,0,0.4591055974364281,0.006655264788885798,0.5976358349050155
googlenet,implicit precomp gemm,410,inception5b.branch3.1.conv,48,128,3,1,1,0.3216815978288651,0.0074803801762512445,0.4187456031150952
googlenet,implicit precomp gemm,410,inception5b.branch4.1.conv,832,128,1,1,0,0.5872672021389007,0.0037496130985293216,0.7644688425111461
googlenet,implicit precomp gemm,413,conv1.conv,3,64,7,2,3,1.9708959996700286,0.02283298819294745,2.563491359214923
googlenet,implicit precomp gemm,413,conv2.conv,64,64,1,1,0,1.3056319892406463,0.011107998411034903,1.6982003734815767
googlenet,implicit precomp gemm,413,conv3.conv,64,192,3,1,1,2.329966390132904,0.014145284399634498,3.030524547904543
googlenet,implicit precomp gemm,413,inception3a.branch1.conv,192,64,1,1,0,0.7659199923276901,0.01715997886758664,0.996211511165843
googlenet,implicit precomp gemm,413,inception3a.branch2.0.conv,192,96,1,1,0,1.0495839953422545,0.010624929050367918,1.3651656420636153
googlenet,implicit precomp gemm,413,inception3a.branch2.1.conv,96,128,3,1,1,0.9713712006807327,0.028543595846233977,1.2634363659737404
googlenet,implicit precomp gemm,413,inception3a.branch3.0.conv,192,16,1,1,0,0.6347936034202576,0.00931843190649272,0.8256589477705464
googlenet,implicit precomp gemm,413,inception3a.branch3.1.conv,16,32,3,1,1,0.2795504003763199,0.005787038044597108,0.36360367870742394
googlenet,implicit precomp gemm,413,inception3a.branch4.1.conv,192,32,1,1,0,0.6933167934417724,0.019663064145150594,0.9017784852595684
googlenet,implicit precomp gemm,413,inception3b.branch1.conv,256,128,1,1,0,1.1422591984272004,0.03201037675776353,1.485705783380824
googlenet,implicit precomp gemm,413,inception3b.branch2.0.conv,256,128,1,1,0,1.1098192036151886,0.023825807311496368,1.443511955595141
googlenet,implicit precomp gemm,413,inception3b.branch2.1.conv,128,192,3,1,1,1.2772047877311707,0.008141785813063967,1.661225877897638
googlenet,implicit precomp gemm,413,inception3b.branch3.0.conv,256,32,1,1,0,0.7151888072490692,0.00688297184765797,0.9302268247016404
googlenet,implicit precomp gemm,413,inception3b.branch3.1.conv,32,96,3,1,1,0.6912095963954925,0.0140739019793826,0.8990377107990154
googlenet,implicit precomp gemm,413,inception3b.branch4.1.conv,256,64,1,1,0,0.9568320035934448,0.013276188512143839,1.2445256237988995
googlenet,implicit precomp gemm,413,inception4a.branch1.conv,480,192,1,1,0,0.8189391970634461,0.005905922616959295,1.0651721631917805
googlenet,implicit precomp gemm,413,inception4a.branch2.0.conv,480,96,1,1,0,0.7550256043672562,0.006162818552361661,0.9820414740836311
googlenet,implicit precomp gemm,413,inception4a.branch2.1.conv,96,208,3,1,1,0.6662895947694778,0.00871438792878062,0.8666249356700356
googlenet,implicit precomp gemm,413,inception4a.branch3.0.conv,480,16,1,1,0,0.39838879853487014,0.005900693065004408,0.518173583397164
googlenet,implicit precomp gemm,413,inception4a.branch3.1.conv,16,48,3,1,1,0.21686240211129187,0.004527953330421234,0.28206708727602214
googlenet,implicit precomp gemm,413,inception4a.branch4.1.conv,480,64,1,1,0,0.7457984000444412,0.006188646020918629,0.9700398978689515
googlenet,implicit precomp gemm,413,inception4b.branch1.conv,512,160,1,1,0,0.7883392035961151,0.004876320524824529,1.0253715756119848
googlenet,implicit precomp gemm,413,inception4b.branch2.0.conv,512,112,1,1,0,0.7275503993034362,0.005704231914364361,0.9463052146434817
googlenet,implicit precomp gemm,413,inception4b.branch2.1.conv,112,224,3,1,1,0.7069312006235122,0.006232583136859231,0.9194863781047854
googlenet,implicit precomp gemm,413,inception4b.branch3.0.conv,512,24,1,1,0,0.40484160035848615,0.006329363299368174,0.5265665689835852
googlenet,implicit precomp gemm,413,inception4b.branch3.1.conv,24,64,3,1,1,0.23636480197310447,0.007316726299509222,0.3074333336624783
googlenet,implicit precomp gemm,413,inception4b.branch4.1.conv,512,64,1,1,0,0.7511424005031586,0.004673735313358385,0.9769906953751903
googlenet,implicit precomp gemm,413,inception4c.branch1.conv,512,128,1,1,0,0.769295996427536,0.0071172837263188075,1.000602588797579
googlenet,implicit precomp gemm,413,inception4c.branch2.0.conv,512,128,1,1,0,0.7494159996509552,0.009774708089770713,0.9747452122711069
googlenet,implicit precomp gemm,413,inception4c.branch2.1.conv,128,256,3,1,1,0.9362608015537262,0.006861599968036274,1.2177692151977801
googlenet,implicit precomp gemm,413,inception4c.branch3.0.conv,512,24,1,1,0,0.41580480337142944,0.0069603180922620305,0.5408261119517096
googlenet,implicit precomp gemm,413,inception4c.branch3.1.conv,24,64,3,1,1,0.23375200256705284,0.005313243094823418,0.30403493582621677
googlenet,implicit precomp gemm,413,inception4c.branch4.1.conv,512,64,1,1,0,0.752939197421074,0.005733909898647917,0.9793277407464891
googlenet,implicit precomp gemm,413,inception4d.branch1.conv,512,112,1,1,0,0.75867840051651,0.008541801973774786,0.9867925676812401
googlenet,implicit precomp gemm,413,inception4d.branch2.0.conv,512,144,1,1,0,0.75622079372406,0.006485282014005702,0.9835960246988361
googlenet,implicit precomp gemm,413,inception4d.branch2.1.conv,144,288,3,1,1,0.970415997505188,0.02852704920908416,1.2621939589227276
googlenet,implicit precomp gemm,413,inception4d.branch3.0.conv,512,32,1,1,0,0.4198848009109497,0.005817395139044931,0.5461328548949849
googlenet,implicit precomp gemm,413,inception4d.branch3.1.conv,32,64,3,1,1,0.3529855996370316,0.005736212681911224,0.45911886509908434
googlenet,implicit precomp gemm,413,inception4d.branch4.1.conv,512,64,1,1,0,0.7601951956748962,0.009650189754952455,0.9887654223031345
googlenet,implicit precomp gemm,413,inception4e.branch1.conv,528,256,1,1,0,0.9782992035150528,0.028192325192445345,1.2724474327197126
googlenet,implicit precomp gemm,413,inception4e.branch2.0.conv,528,160,1,1,0,0.8152080029249191,0.005754736391761499,1.0603190994404366
googlenet,implicit precomp gemm,413,inception4e.branch2.1.conv,160,320,3,1,1,1.0319791972637176,0.0225107652213968,1.3422675552226004
googlenet,implicit precomp gemm,413,inception4e.branch3.0.conv,528,32,1,1,0,0.4451087981462479,0.0054553776349445075,0.5789410289276957
googlenet,implicit precomp gemm,413,inception4e.branch3.1.conv,32,128,3,1,1,0.3834463968873024,0.006474512255050129,0.4987384039072915
googlenet,implicit precomp gemm,413,inception4e.branch4.1.conv,528,128,1,1,0,0.777591997385025,0.006334744684924077,1.0113929738681877
googlenet,implicit precomp gemm,413,inception5a.branch1.conv,832,256,1,1,0,0.6534319996833802,0.006673030980899616,0.8499014079400011
googlenet,implicit precomp gemm,413,inception5a.branch2.0.conv,832,160,1,1,0,0.5808208048343658,0.011010900229769093,0.755457981899823
googlenet,implicit precomp gemm,413,inception5a.branch2.1.conv,160,320,3,1,1,0.8955808013677597,0.008246786291886094,1.1648578342892768
googlenet,implicit precomp gemm,413,inception5a.branch3.0.conv,832,32,1,1,0,0.4552224025130272,0.006994104073920517,0.5920955218127073
googlenet,implicit precomp gemm,413,inception5a.branch3.1.conv,32,128,3,1,1,0.3265408009290695,0.007263559735861086,0.4247228274616907
googlenet,implicit precomp gemm,413,inception5a.branch4.1.conv,832,128,1,1,0,0.5904320001602172,0.0049091866056225975,0.7679590048729641
googlenet,implicit precomp gemm,413,inception5b.branch1.conv,832,384,1,1,0,0.8375808030366898,0.0036623157475258084,1.0894187981447665
googlenet,implicit precomp gemm,413,inception5b.branch2.0.conv,832,192,1,1,0,0.602729594707489,0.0076033174626421885,0.7839541549804978
googlenet,implicit precomp gemm,413,inception5b.branch2.1.conv,192,384,3,1,1,0.9813967972993851,0.009676511190494268,1.2764763895504248
googlenet,implicit precomp gemm,413,inception5b.branch3.0.conv,832,48,1,1,0,0.45872480124235154,0.007522531273056832,0.5966509975357548
googlenet,implicit precomp gemm,413,inception5b.branch3.1.conv,48,128,3,1,1,0.3247567981481552,0.0060934906942281255,0.4224024230798995
googlenet,implicit precomp gemm,413,inception5b.branch4.1.conv,832,128,1,1,0,0.594239991903305,0.008453847110312142,0.7729119572007387
googlenet,implicit precomp gemm,416,conv1.conv,3,64,7,2,3,2.0021120071411134,0.033031721459423506,2.5361742190225325
googlenet,implicit precomp gemm,416,conv2.conv,64,64,1,1,0,1.3011023819446563,0.024564530649609853,1.6481706845706292
googlenet,implicit precomp gemm,416,conv3.conv,64,192,3,1,1,2.0209344029426575,0.02649200518029836,2.560017477942037
googlenet,implicit precomp gemm,416,inception3a.branch1.conv,192,64,1,1,0,0.8121872007846832,0.015111305545881741,1.0288376635788328
googlenet,implicit precomp gemm,416,inception3a.branch2.0.conv,192,96,1,1,0,1.0787295877933503,0.015514884680218227,1.366480077088649
googlenet,implicit precomp gemm,416,inception3a.branch2.1.conv,96,128,3,1,1,1.0050064027309418,0.010434848726641886,1.2730912753469845
googlenet,implicit precomp gemm,416,inception3a.branch3.0.conv,192,16,1,1,0,0.6885136038064956,0.011247793004823004,0.8721742066338113
googlenet,implicit precomp gemm,416,inception3a.branch3.1.conv,16,32,3,1,1,0.28599840104579927,0.007362311829342328,0.36228830796023453
googlenet,implicit precomp gemm,416,inception3a.branch4.1.conv,192,32,1,1,0,0.774088004231453,0.01943909322330203,0.9805755285338758
googlenet,implicit precomp gemm,416,inception3b.branch1.conv,256,128,1,1,0,1.113108789920807,0.016576543902614857,1.4100299113612702
googlenet,implicit precomp gemm,416,inception3b.branch2.0.conv,256,128,1,1,0,1.0792047917842864,0.012453784135787611,1.36708204146741
googlenet,implicit precomp gemm,416,inception3b.branch2.1.conv,128,192,3,1,1,1.3239808082580566,0.012803778978029595,1.6771519177788086
googlenet,implicit precomp gemm,416,inception3b.branch3.0.conv,256,32,1,1,0,0.7585200041532516,0.011920343334513195,0.9608547735015663
googlenet,implicit precomp gemm,416,inception3b.branch3.1.conv,32,96,3,1,1,0.6954736024141311,0.008668627238447642,0.8809907808165534
googlenet,implicit precomp gemm,416,inception3b.branch4.1.conv,256,64,1,1,0,0.995782408118248,0.026840193606793444,1.261406785543379
googlenet,implicit precomp gemm,416,inception4a.branch1.conv,480,192,1,1,0,0.9902128010988236,0.01635804185284949,1.2543514890952439
googlenet,implicit precomp gemm,416,inception4a.branch2.0.conv,480,96,1,1,0,0.7334111928939819,0.009950097044847188,0.9290482014621759
googlenet,implicit precomp gemm,416,inception4a.branch2.1.conv,96,208,3,1,1,0.698316803574562,0.014897057558374213,0.8845924042306582
googlenet,implicit precomp gemm,416,inception4a.branch3.0.conv,480,16,1,1,0,0.4070927992463112,0.006061720721961882,0.5156845663557522
googlenet,implicit precomp gemm,416,inception4a.branch3.1.conv,16,48,3,1,1,0.2264480009675026,0.008371681406958431,0.2868528733430101
googlenet,implicit precomp gemm,416,inception4a.branch4.1.conv,480,64,1,1,0,0.7442991942167282,0.006619932473991199,0.9428405707966283
googlenet,implicit precomp gemm,416,inception4b.branch1.conv,512,160,1,1,0,0.9626832008361816,0.0069066946737944375,1.2194783839956913
googlenet,implicit precomp gemm,416,inception4b.branch2.0.conv,512,112,1,1,0,0.7392016023397445,0.010762889528482948,0.9363831992552801
googlenet,implicit precomp gemm,416,inception4b.branch2.1.conv,112,224,3,1,1,0.7138559967279434,0.008824228575043256,0.9042766681077288
googlenet,implicit precomp gemm,416,inception4b.branch3.0.conv,512,24,1,1,0,0.4205071985721588,0.007188199680046329,0.5326772488892675
googlenet,implicit precomp gemm,416,inception4b.branch3.1.conv,24,64,3,1,1,0.2394704021513462,0.006065012849909309,0.30334899245844027
googlenet,implicit precomp gemm,416,inception4b.branch4.1.conv,512,64,1,1,0,0.7559040009975433,0.007006425320254654,0.9575409530276244
googlenet,implicit precomp gemm,416,inception4c.branch1.conv,512,128,1,1,0,0.7780624002218246,0.007065488864885707,0.9856100923400039
googlenet,implicit precomp gemm,416,inception4c.branch2.0.conv,512,128,1,1,0,0.7505248039960861,0.012168856489111554,0.9507268583588554
googlenet,implicit precomp gemm,416,inception4c.branch2.1.conv,128,256,3,1,1,0.9283743977546692,0.013866073952654644,1.17601772767352
googlenet,implicit precomp gemm,416,inception4c.branch3.0.conv,512,24,1,1,0,0.4186704009771347,0.009251818151067332,0.5303504866055156
googlenet,implicit precomp gemm,416,inception4c.branch3.1.conv,24,64,3,1,1,0.24043360054492952,0.006213839016921513,0.3045691234625483
googlenet,implicit precomp gemm,416,inception4c.branch4.1.conv,512,64,1,1,0,0.7516527980566025,0.008056963694461981,0.9521557441780744
googlenet,implicit precomp gemm,416,inception4d.branch1.conv,512,112,1,1,0,0.7637327998876572,0.006761190380481361,0.9674580794622094
googlenet,implicit precomp gemm,416,inception4d.branch2.0.conv,512,144,1,1,0,0.7755039989948272,0.014448588668129578,0.9823692390757094
googlenet,implicit precomp gemm,416,inception4d.branch2.1.conv,144,288,3,1,1,0.9623407989740371,0.026615072873564394,1.2190446466362332
googlenet,implicit precomp gemm,416,inception4d.branch3.0.conv,512,32,1,1,0,0.42855840027332304,0.008527439627155034,0.5428761039552238
googlenet,implicit precomp gemm,416,inception4d.branch3.1.conv,32,64,3,1,1,0.35672640055418015,0.01028441386432396,0.4518829601457208
googlenet,implicit precomp gemm,416,inception4d.branch4.1.conv,512,64,1,1,0,0.7546399921178818,0.016797955650815426,0.955939770515468
googlenet,implicit precomp gemm,416,inception4e.branch1.conv,528,256,1,1,0,0.9777615994215012,0.0194753376457728,1.2385789366220348
googlenet,implicit precomp gemm,416,inception4e.branch2.0.conv,528,160,1,1,0,0.9891520112752914,0.014807908003606856,1.2530077342040848
googlenet,implicit precomp gemm,416,inception4e.branch2.1.conv,160,320,3,1,1,1.0402624011039734,0.015605908066485092,1.3177517907530443
googlenet,implicit precomp gemm,416,inception4e.branch3.0.conv,528,32,1,1,0,0.4477407976984978,0.006532907068168677,0.5671753947217986
googlenet,implicit precomp gemm,416,inception4e.branch3.1.conv,32,128,3,1,1,0.38515520095825195,0.0036122874507757458,0.48789512650073863
googlenet,implicit precomp gemm,416,inception4e.branch4.1.conv,528,128,1,1,0,0.7823935985565186,0.009559216570031627,0.9910966353080017
googlenet,implicit precomp gemm,416,inception5a.branch1.conv,832,256,1,1,0,0.6662559926509857,0.006455414043455891,0.843979390665329
googlenet,implicit precomp gemm,416,inception5a.branch2.0.conv,832,160,1,1,0,0.5871663987636566,0.006828188617779123,0.7437926936700753
googlenet,implicit precomp gemm,416,inception5a.branch2.1.conv,160,320,3,1,1,0.8880960047245026,0.010081602262446388,1.1249950967605604
googlenet,implicit precomp gemm,416,inception5a.branch3.0.conv,832,32,1,1,0,0.46033280044794084,0.0071741577520799535,0.5831263068711143
googlenet,implicit precomp gemm,416,inception5a.branch3.1.conv,32,128,3,1,1,0.3228559970855713,0.006358029854462584,0.4089776462778726
googlenet,implicit precomp gemm,416,inception5a.branch4.1.conv,832,128,1,1,0,0.5868656039237976,0.003785214978865068,0.7434116619818657
googlenet,implicit precomp gemm,416,inception5b.branch1.conv,832,384,1,1,0,0.8406751960515976,0.005792706788191685,1.0649248149918815
googlenet,implicit precomp gemm,416,inception5b.branch2.0.conv,832,192,1,1,0,0.6038335978984832,0.00698148660718659,0.7649058584671946
googlenet,implicit precomp gemm,416,inception5b.branch2.1.conv,192,384,3,1,1,0.9851984053850174,0.007923910886123571,1.2479995062451474
googlenet,implicit precomp gemm,416,inception5b.branch3.0.conv,832,48,1,1,0,0.4610512003302574,0.007460125761788666,0.5840363395036452
googlenet,implicit precomp gemm,416,inception5b.branch3.1.conv,48,128,3,1,1,0.3215391978621483,0.007247203492285688,0.407309591628501
googlenet,implicit precomp gemm,416,inception5b.branch4.1.conv,832,128,1,1,0,0.5866880118846893,0.004861393028874514,0.7431866973697544
googlenet,implicit precomp gemm,418,conv1.conv,3,64,7,2,3,1.9901040136814117,0.023576962407286493,2.5177658501425304
googlenet,implicit precomp gemm,418,conv2.conv,64,64,1,1,0,1.2782543838024139,0.02802642979681139,1.6171743854630074
googlenet,implicit precomp gemm,418,conv3.conv,64,192,3,1,1,2.034040021896362,0.014973047189413943,2.57335117649467
googlenet,implicit precomp gemm,418,inception3a.branch1.conv,192,64,1,1,0,0.7995439946651459,0.010058229624798333,1.011537362678125
googlenet,implicit precomp gemm,418,inception3a.branch2.0.conv,192,96,1,1,0,1.0793920040130616,0.01289520858909298,1.365585068889799
googlenet,implicit precomp gemm,418,inception3a.branch2.1.conv,96,128,3,1,1,0.9788367956876755,0.011351199005115161,1.2383683667299517
googlenet,implicit precomp gemm,418,inception3a.branch3.0.conv,192,16,1,1,0,0.6900687992572785,0.009939582349124385,0.8730356026993954
googlenet,implicit precomp gemm,418,inception3a.branch3.1.conv,16,32,3,1,1,0.2840191975235939,0.005157984110464986,0.35932485507979456
googlenet,implicit precomp gemm,418,inception3a.branch4.1.conv,192,32,1,1,0,0.7648431956768036,0.019406249706552383,0.9676358951845293
googlenet,implicit precomp gemm,418,inception3b.branch1.conv,256,128,1,1,0,1.1717615962028503,0.028213452112031898,1.4824457973784722
googlenet,implicit precomp gemm,418,inception3b.branch2.0.conv,256,128,1,1,0,1.1226783990859985,0.021569834045287995,1.4203485418244681
googlenet,implicit precomp gemm,418,inception3b.branch2.1.conv,128,192,3,1,1,1.3086160123348236,0.021831191216527296,1.6555861825088336
googlenet,implicit precomp gemm,418,inception3b.branch3.0.conv,256,32,1,1,0,0.7574959993362427,0.008483142128559754,0.9583406423166468
googlenet,implicit precomp gemm,418,inception3b.branch3.1.conv,32,96,3,1,1,0.6887072026729584,0.0185535246648352,0.8713129885254104
googlenet,implicit precomp gemm,418,inception3b.branch4.1.conv,256,64,1,1,0,0.9894768118858337,0.015855315817772116,1.2518295070746364
googlenet,implicit precomp gemm,418,inception4a.branch1.conv,480,192,1,1,0,0.9888543963432312,0.007184172614121206,1.2510420625054133
googlenet,implicit precomp gemm,418,inception4a.branch2.0.conv,480,96,1,1,0,0.7401376038789749,0.006422316509378222,0.9363797925343627
googlenet,implicit precomp gemm,418,inception4a.branch2.1.conv,96,208,3,1,1,0.6824080020189285,0.008404603013552697,0.8633435999000525
googlenet,implicit precomp gemm,418,inception4a.branch3.0.conv,480,16,1,1,0,0.405166395008564,0.007070012541014748,0.5125933649522441
googlenet,implicit precomp gemm,418,inception4a.branch3.1.conv,16,48,3,1,1,0.22747519984841347,0.009455713679299588,0.2877886210948414
googlenet,implicit precomp gemm,418,inception4a.branch4.1.conv,480,64,1,1,0,0.7480655997991562,0.007220057714110786,0.9464098398337385
googlenet,implicit precomp gemm,418,inception4b.branch1.conv,512,160,1,1,0,0.9499791979789733,0.0074924543258318805,1.2018593835166989
googlenet,implicit precomp gemm,418,inception4b.branch2.0.conv,512,112,1,1,0,0.7387215971946717,0.007034621401129633,0.9345883418117861
googlenet,implicit precomp gemm,418,inception4b.branch2.1.conv,112,224,3,1,1,0.7140800029039382,0.01974052392587496,0.9034132051497041
googlenet,implicit precomp gemm,418,inception4b.branch3.0.conv,512,24,1,1,0,0.42104959934949876,0.007540226150550704,0.5326878872513399
googlenet,implicit precomp gemm,418,inception4b.branch3.1.conv,24,64,3,1,1,0.23828160166740417,0.005161324509490995,0.3014602630169347
googlenet,implicit precomp gemm,418,inception4b.branch4.1.conv,512,64,1,1,0,0.7510079920291901,0.005646974090327412,0.9501323863054677
googlenet,implicit precomp gemm,418,inception4c.branch1.conv,512,128,1,1,0,0.7740287959575654,0.010765588828123713,0.9792569916402766
googlenet,implicit precomp gemm,418,inception4c.branch2.0.conv,512,128,1,1,0,0.7563392043113708,0.00670662618388424,0.9568771313698752
googlenet,implicit precomp gemm,418,inception4c.branch2.1.conv,128,256,3,1,1,0.9170431971549988,0.0138955843165548,1.1601906377904543
googlenet,implicit precomp gemm,418,inception4c.branch3.0.conv,512,24,1,1,0,0.42031520009040835,0.00849703495991587,0.5317587672846465
googlenet,implicit precomp gemm,418,inception4c.branch3.1.conv,24,64,3,1,1,0.23715040013194083,0.005084401291522664,0.3000291314901207
googlenet,implicit precomp gemm,418,inception4c.branch4.1.conv,512,64,1,1,0,0.7486400008201599,0.005364800685672256,0.947136539174591
googlenet,implicit precomp gemm,418,inception4d.branch1.conv,512,112,1,1,0,0.7649648010730743,0.007279289004688128,0.9677897433813162
googlenet,implicit precomp gemm,418,inception4d.branch2.0.conv,512,144,1,1,0,0.7663087993860245,0.007700792426825625,0.9694900932282248
googlenet,implicit precomp gemm,418,inception4d.branch2.1.conv,144,288,3,1,1,0.9743840038776398,0.018463092973438313,1.2327349490392032
googlenet,implicit precomp gemm,418,inception4d.branch3.0.conv,512,32,1,1,0,0.4253536030650139,0.006178214519415969,0.5381330667491514
googlenet,implicit precomp gemm,418,inception4d.branch3.1.conv,32,64,3,1,1,0.3561439961194992,0.0050397261858349165,0.4505730278410043
googlenet,implicit precomp gemm,418,inception4d.branch4.1.conv,512,64,1,1,0,0.7551872074604035,0.011767645199484568,0.9554196907984791
googlenet,implicit precomp gemm,418,inception4e.branch1.conv,528,256,1,1,0,0.9772560060024261,0.018123210304770185,1.236368441973046
googlenet,implicit precomp gemm,418,inception4e.branch2.0.conv,528,160,1,1,0,0.97985919713974,0.007221838104129314,1.2396618506099133
googlenet,implicit precomp gemm,418,inception4e.branch2.1.conv,160,320,3,1,1,1.0415520012378692,0.025381129841659394,1.317712060191908
googlenet,implicit precomp gemm,418,inception4e.branch3.0.conv,528,32,1,1,0,0.4481136009097099,0.007327607981996162,0.5669277151337292
googlenet,implicit precomp gemm,418,inception4e.branch3.1.conv,32,128,3,1,1,0.38414719998836516,0.009104862385641017,0.48600108080250987
googlenet,implicit precomp gemm,418,inception4e.branch4.1.conv,528,128,1,1,0,0.7856032013893127,0.004764605374153091,0.9939002678366045
googlenet,implicit precomp gemm,418,inception5a.branch1.conv,832,256,1,1,0,0.6681936055421829,0.007759251893462151,0.8453603579270198
googlenet,implicit precomp gemm,418,inception5a.branch2.0.conv,832,160,1,1,0,0.5823215991258621,0.005449027327533668,0.73672000357776
googlenet,implicit precomp gemm,418,inception5a.branch2.1.conv,160,320,3,1,1,0.8882496029138565,0.0073249005056812205,1.123762628106125
googlenet,implicit precomp gemm,418,inception5a.branch3.0.conv,832,32,1,1,0,0.46141600161790847,0.006552475775923282,0.5837571521871514
googlenet,implicit precomp gemm,418,inception5a.branch3.1.conv,32,128,3,1,1,0.3264319971203804,0.007828773186004223,0.41298310494995577
googlenet,implicit precomp gemm,418,inception5a.branch4.1.conv,832,128,1,1,0,0.5905471980571747,0.005318517301171096,0.7471265611967847
googlenet,implicit precomp gemm,418,inception5b.branch1.conv,832,384,1,1,0,0.840305608510971,0.006078587678596504,1.0631066267126554
googlenet,implicit precomp gemm,418,inception5b.branch2.0.conv,832,192,1,1,0,0.6051791995763779,0.006672516967241894,0.7656381332005688
googlenet,implicit precomp gemm,418,inception5b.branch2.1.conv,192,384,3,1,1,0.9816671967506408,0.0067688545814604305,1.241949228378162
googlenet,implicit precomp gemm,418,inception5b.branch3.0.conv,832,48,1,1,0,0.4610752001404762,0.008184185869275435,0.5833259896370243
googlenet,implicit precomp gemm,418,inception5b.branch3.1.conv,48,128,3,1,1,0.32555839866399766,0.00693184618992305,0.41187787811502824
googlenet,implicit precomp gemm,418,inception5b.branch4.1.conv,832,128,1,1,0,0.5923264026641846,0.0073403023567699685,0.7493775091719405
googlenet,implicit precomp gemm,421,conv1.conv,3,64,7,2,3,2.0728880286216738,0.041009064407370316,2.607973184378311
googlenet,implicit precomp gemm,421,conv2.conv,64,64,1,1,0,1.295199990272522,0.029077550189390854,1.6295365675317346
googlenet,implicit precomp gemm,421,conv3.conv,64,192,3,1,1,2.4094335794448853,0.02584932908087249,3.0313929541631626
googlenet,implicit precomp gemm,421,inception3a.branch1.conv,192,64,1,1,0,0.7740096002817154,0.01695178602605799,0.9738086448057279
googlenet,implicit precomp gemm,421,inception3a.branch2.0.conv,192,96,1,1,0,1.0631632089614869,0.00906918230756765,1.3376029487867735
googlenet,implicit precomp gemm,421,inception3a.branch2.1.conv,96,128,3,1,1,0.9951903909444809,0.015311294177052986,1.2520839606854957
googlenet,implicit precomp gemm,421,inception3a.branch3.0.conv,192,16,1,1,0,0.683243191242218,0.008305893645195862,0.8596122398148021
googlenet,implicit precomp gemm,421,inception3a.branch3.1.conv,16,32,3,1,1,0.28632960468530655,0.007831051595466527,0.3602413254368843
googlenet,implicit precomp gemm,421,inception3a.branch4.1.conv,192,32,1,1,0,0.7664719998836518,0.021899135698618302,0.9643253251853332
googlenet,implicit precomp gemm,421,inception3b.branch1.conv,256,128,1,1,0,1.1621984004974366,0.030501386660952864,1.4622025992595806
googlenet,implicit precomp gemm,421,inception3b.branch2.0.conv,256,128,1,1,0,1.11320960521698,0.023883491837992807,1.4005680764767066
googlenet,implicit precomp gemm,421,inception3b.branch2.1.conv,128,192,3,1,1,1.2973135948181151,0.031588855972631245,1.63219576759521
googlenet,implicit precomp gemm,421,inception3b.branch3.0.conv,256,32,1,1,0,0.7582320034503937,0.010983357706528826,0.9539582964599084
googlenet,implicit precomp gemm,421,inception3b.branch3.1.conv,32,96,3,1,1,0.687457600235939,0.01196786478592069,0.8649145356898646
googlenet,implicit precomp gemm,421,inception3b.branch4.1.conv,256,64,1,1,0,0.9939904034137725,0.02216414854954969,1.2505742142551701
googlenet,implicit precomp gemm,421,inception4a.branch1.conv,480,192,1,1,0,0.9818783938884735,0.01260312551596166,1.2353356699562204
googlenet,implicit precomp gemm,421,inception4a.branch2.0.conv,480,96,1,1,0,0.7345151960849762,0.00524934347454322,0.924119348685579
googlenet,implicit precomp gemm,421,inception4a.branch2.1.conv,96,208,3,1,1,0.6894096046686172,0.009979481415912471,0.8673704209793356
googlenet,implicit precomp gemm,421,inception4a.branch3.0.conv,480,16,1,1,0,0.4044879972934723,0.007157063790898012,0.508900546377169
googlenet,implicit precomp gemm,421,inception4a.branch3.1.conv,16,48,3,1,1,0.22539519667625427,0.007017310661702271,0.28357760800529536
googlenet,implicit precomp gemm,421,inception4a.branch4.1.conv,480,64,1,1,0,0.7517120003700256,0.014009538618717888,0.9457552517411976
googlenet,implicit precomp gemm,421,inception4b.branch1.conv,512,160,1,1,0,0.9680159986019135,0.012876926458319867,1.217894903894852
googlenet,implicit precomp gemm,421,inception4b.branch2.0.conv,512,112,1,1,0,0.738484799861908,0.0117504795760041,0.9291136465250665
googlenet,implicit precomp gemm,421,inception4b.branch2.1.conv,112,224,3,1,1,0.7193552047014237,0.012518445357201494,0.9050460314307148
googlenet,implicit precomp gemm,421,inception4b.branch3.0.conv,512,24,1,1,0,0.42094399929046633,0.007468285821087879,0.5296044200730257
googlenet,implicit precomp gemm,421,inception4b.branch3.1.conv,24,64,3,1,1,0.23899360224604607,0.00612107022737947,0.30068623933831484
googlenet,implicit precomp gemm,421,inception4b.branch4.1.conv,512,64,1,1,0,0.7537679970264435,0.011197831492491582,0.9483419732973419
googlenet,implicit precomp gemm,421,inception4c.branch1.conv,512,128,1,1,0,0.7775791972875595,0.008609204851853411,0.9782996800868129
googlenet,implicit precomp gemm,421,inception4c.branch2.0.conv,512,128,1,1,0,0.7570591986179351,0.008248970027187764,0.9524827495363271
googlenet,implicit precomp gemm,421,inception4c.branch2.1.conv,128,256,3,1,1,0.9131536066532135,0.016398365331693733,1.148870602988353
googlenet,implicit precomp gemm,421,inception4c.branch3.0.conv,512,24,1,1,0,0.42309280335903166,0.006616655760739414,0.5323079058918075
googlenet,implicit precomp gemm,421,inception4c.branch3.1.conv,24,64,3,1,1,0.23785600140690805,0.005123977776068373,0.2992549837943427
googlenet,implicit precomp gemm,421,inception4c.branch4.1.conv,512,64,1,1,0,0.7512815952301025,0.01032751767410311,0.9452137439280214
googlenet,implicit precomp gemm,421,inception4d.branch1.conv,512,112,1,1,0,0.7674639910459519,0.01173620276017221,0.9655733840841726
googlenet,implicit precomp gemm,421,inception4d.branch2.0.conv,512,144,1,1,0,0.7667152017354966,0.008573687842722931,0.9646313059711956
googlenet,implicit precomp gemm,421,inception4d.branch2.1.conv,144,288,3,1,1,0.973654392361641,0.02125310419567617,1.224988764983969
googlenet,implicit precomp gemm,421,inception4d.branch3.0.conv,512,32,1,1,0,0.4264063984155655,0.008145754144050617,0.5364768561351426
googlenet,implicit precomp gemm,421,inception4d.branch3.1.conv,32,64,3,1,1,0.3559231966733932,0.006921379659301138,0.4477994661581557
googlenet,implicit precomp gemm,421,inception4d.branch4.1.conv,512,64,1,1,0,0.7603711992502212,0.011089422760359385,0.9566496937785539
googlenet,implicit precomp gemm,421,inception4e.branch1.conv,528,256,1,1,0,0.9678895980119705,0.018450481110318218,1.217735874876155
googlenet,implicit precomp gemm,421,inception4e.branch2.0.conv,528,160,1,1,0,0.975779190659523,0.008136265103383774,1.2276620483000842
googlenet,implicit precomp gemm,421,inception4e.branch2.1.conv,160,320,3,1,1,1.0388191878795623,0.026159868679622122,1.3069748814213524
googlenet,implicit precomp gemm,421,inception4e.branch3.0.conv,528,32,1,1,0,0.4488159969449043,0.007810517535179606,0.5646711585915374
googlenet,implicit precomp gemm,421,inception4e.branch3.1.conv,32,128,3,1,1,0.38699199855327604,0.008173978823119111,0.486888216276209
googlenet,implicit precomp gemm,421,inception4e.branch4.1.conv,528,128,1,1,0,0.7861167997121811,0.007878185558451824,0.9890411373555402
googlenet,implicit precomp gemm,421,inception5a.branch1.conv,832,256,1,1,0,0.6646368086338044,0.00861528162876891,0.8362028967962641
googlenet,implicit precomp gemm,421,inception5a.branch2.0.conv,832,160,1,1,0,0.5858448028564454,0.00810205538735548,0.7370719088348121
googlenet,implicit precomp gemm,421,inception5a.branch2.1.conv,160,320,3,1,1,0.8875648021697998,0.0111306832150202,1.1166764299353027
googlenet,implicit precomp gemm,421,inception5a.branch3.0.conv,832,32,1,1,0,0.46009919941425326,0.007506938131888841,0.5788669516433886
googlenet,implicit precomp gemm,421,inception5a.branch3.1.conv,32,128,3,1,1,0.3222111999988556,0.006263146960589229,0.40538521989638077
googlenet,implicit precomp gemm,421,inception5a.branch4.1.conv,832,128,1,1,0,0.5922816038131714,0.006369969468019635,0.7451702740414867
googlenet,implicit precomp gemm,421,inception5b.branch1.conv,832,384,1,1,0,0.8433599978685379,0.009309195293635154,1.0610608141149738
googlenet,implicit precomp gemm,421,inception5b.branch2.0.conv,832,192,1,1,0,0.6015600025653839,0.005895525225173457,0.7568437531709066
googlenet,implicit precomp gemm,421,inception5b.branch2.1.conv,192,384,3,1,1,0.9874895960092545,0.010553949938970466,1.2423953202899887
googlenet,implicit precomp gemm,421,inception5b.branch3.0.conv,832,48,1,1,0,0.4620223969221115,0.006784070751482756,0.5812865939296594
googlenet,implicit precomp gemm,421,inception5b.branch3.1.conv,48,128,3,1,1,0.32447200268507004,0.006864433105905012,0.4082296151070271
googlenet,implicit precomp gemm,421,inception5b.branch4.1.conv,832,128,1,1,0,0.5906480014324188,0.003821797162270882,0.7431149815490253
googlenet,implicit precomp gemm,424,conv1.conv,3,64,7,2,3,2.091878390312195,0.019916780975285497,2.5606808272749326
googlenet,implicit precomp gemm,424,conv2.conv,64,64,1,1,0,1.3332015991210937,0.023189798778228018,1.6319800374495812
googlenet,implicit precomp gemm,424,conv3.conv,64,192,3,1,1,2.402891218662262,0.04511670255516369,2.941393487380241
googlenet,implicit precomp gemm,424,inception3a.branch1.conv,192,64,1,1,0,1.1020927906036377,0.021415423743755827,1.3490783650934348
googlenet,implicit precomp gemm,424,inception3a.branch2.0.conv,192,96,1,1,0,1.1235008001327516,0.014491389693920822,1.3752840373759139
googlenet,implicit precomp gemm,424,inception3a.branch2.1.conv,96,128,3,1,1,1.0313072144985198,0.05135753518811935,1.2624293187533489
googlenet,implicit precomp gemm,424,inception3a.branch3.0.conv,192,16,1,1,0,0.9398031979799271,0.011222812655078409,1.150418705802354
googlenet,implicit precomp gemm,424,inception3a.branch3.1.conv,16,32,3,1,1,0.2951007977128029,0.0060115394500393484,0.36123464839843633
googlenet,implicit precomp gemm,424,inception3a.branch4.1.conv,192,32,1,1,0,1.0357391834259033,0.023805060822610646,1.267854518378713
googlenet,implicit precomp gemm,424,inception3b.branch1.conv,256,128,1,1,0,1.26425598859787,0.022346912418394475,1.547583303963924
googlenet,implicit precomp gemm,424,inception3b.branch2.0.conv,256,128,1,1,0,1.204071980714798,0.02507406592432766,1.4739117005817857
googlenet,implicit precomp gemm,424,inception3b.branch2.1.conv,128,192,3,1,1,1.3493263959884643,0.023955223038057204,1.6517184975690609
googlenet,implicit precomp gemm,424,inception3b.branch3.0.conv,256,32,1,1,0,1.0122304081916809,0.010240548516811337,1.2390772862538546
googlenet,implicit precomp gemm,424,inception3b.branch3.1.conv,32,96,3,1,1,0.7037568032741547,0.008884280204237871,0.8614729047129155
googlenet,implicit precomp gemm,424,inception3b.branch4.1.conv,256,64,1,1,0,1.1255711972713471,0.023719584056652903,1.3778184228747072
googlenet,implicit precomp gemm,424,inception4a.branch1.conv,480,192,1,1,0,0.9998448014259338,0.005816486353510416,1.2239159910628459
googlenet,implicit precomp gemm,424,inception4a.branch2.0.conv,480,96,1,1,0,0.7412960052490234,0.00801721630340168,0.9074248659805596
googlenet,implicit precomp gemm,424,inception4a.branch2.1.conv,96,208,3,1,1,0.6902848005294799,0.009274848988399574,0.8449817457177048
googlenet,implicit precomp gemm,424,inception4a.branch3.0.conv,480,16,1,1,0,0.4076976016163826,0.008407360960262946,0.4990650683232302
googlenet,implicit precomp gemm,424,inception4a.branch3.1.conv,16,48,3,1,1,0.2227520003914833,0.0068416112391772865,0.2726720536342855
googlenet,implicit precomp gemm,424,inception4a.branch4.1.conv,480,64,1,1,0,0.7469631910324097,0.00715319937284942,0.9143621019342981
googlenet,implicit precomp gemm,424,inception4b.branch1.conv,512,160,1,1,0,0.9642207980155945,0.00946936898064639,1.180308435792858
googlenet,implicit precomp gemm,424,inception4b.branch2.0.conv,512,112,1,1,0,0.7411968022584915,0.010386895414405406,0.9073034310075516
googlenet,implicit precomp gemm,424,inception4b.branch2.1.conv,112,224,3,1,1,0.7182143986225128,0.009930139273133461,0.8791705334988387
googlenet,implicit precomp gemm,424,inception4b.branch3.0.conv,512,24,1,1,0,0.41874080151319504,0.0070548680778280875,0.5125831152510499
googlenet,implicit precomp gemm,424,inception4b.branch3.1.conv,24,64,3,1,1,0.23784160017967224,0.006191171178391158,0.2911433228284286
googlenet,implicit precomp gemm,424,inception4b.branch4.1.conv,512,64,1,1,0,0.7576335966587067,0.008372799018038555,0.9274238091697877
googlenet,implicit precomp gemm,424,inception4c.branch1.conv,512,128,1,1,0,0.7773583978414536,0.009388363883105886,0.9515690560657757
googlenet,implicit precomp gemm,424,inception4c.branch2.0.conv,512,128,1,1,0,0.7550704032182693,0.005792520609887857,0.9242861887756378
googlenet,implicit precomp gemm,424,inception4c.branch2.1.conv,128,256,3,1,1,0.9142527997493743,0.01488493551606602,1.1191423107780472
googlenet,implicit precomp gemm,424,inception4c.branch3.0.conv,512,24,1,1,0,0.42126560062170026,0.00571672964120897,0.5156737369142459
googlenet,implicit precomp gemm,424,inception4c.branch3.1.conv,24,64,3,1,1,0.23740000203251838,0.005410602969139464,0.2906027598999075
googlenet,implicit precomp gemm,424,inception4c.branch4.1.conv,512,64,1,1,0,0.7570015996694565,0.010823651874672616,0.926650177881868
googlenet,implicit precomp gemm,424,inception4d.branch1.conv,512,112,1,1,0,0.7626384019851684,0.009324252524521312,0.93355022125142
googlenet,implicit precomp gemm,424,inception4d.branch2.0.conv,512,144,1,1,0,0.7678271949291229,0.0082824504351605,0.9399018536741348
googlenet,implicit precomp gemm,424,inception4d.branch2.1.conv,144,288,3,1,1,0.9751632034778595,0.018831338924522708,1.1937030996515485
googlenet,implicit precomp gemm,424,inception4d.branch3.0.conv,512,32,1,1,0,0.42411199808120725,0.007943700558002607,0.5191580290390265
googlenet,implicit precomp gemm,424,inception4d.branch3.1.conv,32,64,3,1,1,0.35194080471992495,0.007751046742105822,0.4308128403427531
googlenet,implicit precomp gemm,424,inception4d.branch4.1.conv,512,64,1,1,0,0.7533263981342315,0.008030976973048835,0.9221513417395734
googlenet,implicit precomp gemm,424,inception4e.branch1.conv,528,256,1,1,0,0.9625696003437042,0.007044760915789254,1.1782871948641158
googlenet,implicit precomp gemm,424,inception4e.branch2.0.conv,528,160,1,1,0,0.9779264092445373,0.007487163863828077,1.1970855563284355
googlenet,implicit precomp gemm,424,inception4e.branch2.1.conv,160,320,3,1,1,1.0457135915756226,0.024375175296881945,1.2800642509476263
googlenet,implicit precomp gemm,424,inception4e.branch3.0.conv,528,32,1,1,0,0.44806399792432783,0.006813999747252362,0.548477815053938
googlenet,implicit precomp gemm,424,inception4e.branch3.1.conv,32,128,3,1,1,0.3871776029467583,0.00918184628902312,0.47394641543577815
googlenet,implicit precomp gemm,424,inception4e.branch4.1.conv,528,128,1,1,0,0.7880592048168182,0.0068826613982176914,0.9646679777741723
googlenet,implicit precomp gemm,424,inception5a.branch1.conv,832,256,1,1,0,0.6620207965373993,0.007824060646786696,0.8103836096789546
googlenet,implicit precomp gemm,424,inception5a.branch2.0.conv,832,160,1,1,0,0.5846175998449326,0.007892647833513237,0.7156338944669677
googlenet,implicit precomp gemm,424,inception5a.branch2.1.conv,160,320,3,1,1,0.8920543998479843,0.013251436285026891,1.0919691169217884
googlenet,implicit precomp gemm,424,inception5a.branch3.0.conv,832,32,1,1,0,0.45636000484228134,0.006300293012375436,0.558633006654045
googlenet,implicit precomp gemm,424,inception5a.branch3.1.conv,32,128,3,1,1,0.32610400170087817,0.005666497779630585,0.3991858555068523
googlenet,implicit precomp gemm,424,inception5a.branch4.1.conv,832,128,1,1,0,0.5923519939184189,0.005717022939517193,0.725101612431017
googlenet,implicit precomp gemm,424,inception5b.branch1.conv,832,384,1,1,0,0.8401087939739227,0.006705738275874791,1.028382190626786
googlenet,implicit precomp gemm,424,inception5b.branch2.0.conv,832,192,1,1,0,0.6058511972427368,0.007733843624579602,0.7416260678181718
googlenet,implicit precomp gemm,424,inception5b.branch2.1.conv,192,384,3,1,1,0.9899599969387054,0.01081731278279507,1.2118159428721722
googlenet,implicit precomp gemm,424,inception5b.branch3.0.conv,832,48,1,1,0,0.4611887991428375,0.007859601051824832,0.5645439625879811
googlenet,implicit precomp gemm,424,inception5b.branch3.1.conv,48,128,3,1,1,0.3238848000764847,0.0075153118508741795,0.396469317548547
googlenet,implicit precomp gemm,424,inception5b.branch4.1.conv,832,128,1,1,0,0.5903999954462051,0.00621442886971548,0.7227121594466484
googlenet,implicit precomp gemm,427,conv1.conv,3,64,7,2,3,2.0949584007263184,0.026259071470708262,2.5511763355376265
googlenet,implicit precomp gemm,427,conv2.conv,64,64,1,1,0,1.5886320114135741,0.010311204963185631,1.9345875278433806
googlenet,implicit precomp gemm,427,conv3.conv,64,192,3,1,1,2.3793503999710084,0.009978880922418049,2.897500223514469
googlenet,implicit precomp gemm,427,inception3a.branch1.conv,192,64,1,1,0,1.1019712090492249,0.007014244878709287,1.3419468711147142
googlenet,implicit precomp gemm,427,inception3a.branch2.0.conv,192,96,1,1,0,1.1362207889556886,0.007030083611815766,1.3836549631365807
googlenet,implicit precomp gemm,427,inception3a.branch2.1.conv,96,128,3,1,1,0.9992496043443679,0.018938040160322144,1.21685563924079
googlenet,implicit precomp gemm,427,inception3a.branch3.0.conv,192,16,1,1,0,0.9344128012657166,0.008761817499111379,1.137899361336264
googlenet,implicit precomp gemm,427,inception3a.branch3.1.conv,16,32,3,1,1,0.30003839880228045,0.004341875264599361,0.36537759533153413
googlenet,implicit precomp gemm,427,inception3a.branch4.1.conv,192,32,1,1,0,1.0440719902515412,0.02389635862308644,1.2714389713914764
googlenet,implicit precomp gemm,427,inception3b.branch1.conv,256,128,1,1,0,1.2192848026752472,0.019326973556061756,1.4848077812844929
googlenet,implicit precomp gemm,427,inception3b.branch2.0.conv,256,128,1,1,0,1.2084784090518952,0.025061387916571996,1.4716480852853542
googlenet,implicit precomp gemm,427,inception3b.branch2.1.conv,128,192,3,1,1,1.3564415991306304,0.019668537980422583,1.6518331376131967
googlenet,implicit precomp gemm,427,inception3b.branch3.0.conv,256,32,1,1,0,1.0034304022789002,0.010034783289424068,1.221946887234328
googlenet,implicit precomp gemm,427,inception3b.branch3.1.conv,32,96,3,1,1,0.701599994301796,0.008141273663447421,0.8543870378788994
googlenet,implicit precomp gemm,427,inception3b.branch4.1.conv,256,64,1,1,0,1.1178176045417785,0.0224210179114587,1.3612441274087566
googlenet,implicit precomp gemm,427,inception4a.branch1.conv,480,192,1,1,0,1.0001264035701751,0.004841682160672317,1.2179233785501347
googlenet,implicit precomp gemm,427,inception4a.branch2.0.conv,480,96,1,1,0,0.7441535979509354,0.006466411411687061,0.9062075163112604
googlenet,implicit precomp gemm,427,inception4a.branch2.1.conv,96,208,3,1,1,0.6874399989843368,0.009058995037573295,0.837143428195432
googlenet,implicit precomp gemm,427,inception4a.branch3.0.conv,480,16,1,1,0,0.40620319843292235,0.005328210531479554,0.4946618447900846
googlenet,implicit precomp gemm,427,inception4a.branch3.1.conv,16,48,3,1,1,0.22571199908852577,0.008770308912553188,0.274865176569567
googlenet,implicit precomp gemm,427,inception4a.branch4.1.conv,480,64,1,1,0,0.7410128057003021,0.005049182419902875,0.9023827554654711
googlenet,implicit precomp gemm,427,inception4b.branch1.conv,512,160,1,1,0,0.9624639987945557,0.007130300854562277,1.1720592526707434
googlenet,implicit precomp gemm,427,inception4b.branch2.0.conv,512,112,1,1,0,0.7394656032323838,0.007263666045211122,0.9004986195699467
googlenet,implicit precomp gemm,427,inception4b.branch2.1.conv,112,224,3,1,1,0.7094799965620041,0.008704496141227055,0.8639830638826883
googlenet,implicit precomp gemm,427,inception4b.branch3.0.conv,512,24,1,1,0,0.42020159810781477,0.008369001635733123,0.5117086682370809
googlenet,implicit precomp gemm,427,inception4b.branch3.1.conv,24,64,3,1,1,0.2392592027783394,0.005038746498978942,0.2913625473308089
googlenet,implicit precomp gemm,427,inception4b.branch4.1.conv,512,64,1,1,0,0.7563759982585907,0.006728409065901639,0.9210915819889118
googlenet,implicit precomp gemm,427,inception4c.branch1.conv,512,128,1,1,0,0.779380801320076,0.006984453665305276,0.9491061283177638
googlenet,implicit precomp gemm,427,inception4c.branch2.0.conv,512,128,1,1,0,0.7511743992567063,0.010408761945339256,0.9147572336429193
googlenet,implicit precomp gemm,427,inception4c.branch2.1.conv,128,256,3,1,1,0.9305248022079468,0.004277733867667075,1.1331646748692983
googlenet,implicit precomp gemm,427,inception4c.branch3.0.conv,512,24,1,1,0,0.42535519897937774,0.007809305194312716,0.5179845659263997
googlenet,implicit precomp gemm,427,inception4c.branch3.1.conv,24,64,3,1,1,0.23551200032234193,0.00450315114073276,0.28679931866388414
googlenet,implicit precomp gemm,427,inception4c.branch4.1.conv,512,64,1,1,0,0.7522144019603729,0.005973637265073003,0.9160237171614319
googlenet,implicit precomp gemm,427,inception4d.branch1.conv,512,112,1,1,0,0.7624175995588303,0.007148628688962625,0.9284488594702122
googlenet,implicit precomp gemm,427,inception4d.branch2.0.conv,512,144,1,1,0,0.7665552020072937,0.008090119926890562,0.9334875053205176
googlenet,implicit precomp gemm,427,inception4d.branch2.1.conv,144,288,3,1,1,0.9762287944555282,0.022917599427861472,1.1888216002866243
googlenet,implicit precomp gemm,427,inception4d.branch3.0.conv,512,32,1,1,0,0.42494719922542573,0.006992474907536478,0.5174877162911867
googlenet,implicit precomp gemm,427,inception4d.branch3.1.conv,32,64,3,1,1,0.3578335985541344,0.008461957763515686,0.4357588238387353
googlenet,implicit precomp gemm,427,inception4d.branch4.1.conv,512,64,1,1,0,0.7564400047063827,0.013132341451352867,0.9211695270855172
googlenet,implicit precomp gemm,427,inception4e.branch1.conv,528,256,1,1,0,0.9586479991674424,0.008077596486017642,1.1674122449107152
googlenet,implicit precomp gemm,427,inception4e.branch2.0.conv,528,160,1,1,0,0.97291199862957,0.008880251825608353,1.18478250766404
googlenet,implicit precomp gemm,427,inception4e.branch2.1.conv,160,320,3,1,1,1.070121592283249,0.009426170518902608,1.3031613808820064
googlenet,implicit precomp gemm,427,inception4e.branch3.0.conv,528,32,1,1,0,0.449542398750782,0.008053167172615337,0.5474389988441771
googlenet,implicit precomp gemm,427,inception4e.branch3.1.conv,32,128,3,1,1,0.3861407995223999,0.0058900742294723165,0.4702304683403681
googlenet,implicit precomp gemm,427,inception4e.branch4.1.conv,528,128,1,1,0,0.7809888064861298,0.00753327765577368,0.9510643078814421
googlenet,implicit precomp gemm,427,inception5a.branch1.conv,832,256,1,1,0,0.6571008026599884,0.0061398702695215175,0.8001972818303905
googlenet,implicit precomp gemm,427,inception5a.branch2.0.conv,832,160,1,1,0,0.5820112019777298,0.009050661134665846,0.7087554602461852
googlenet,implicit precomp gemm,427,inception5a.branch2.1.conv,160,320,3,1,1,0.8877552002668381,0.004334103003144791,1.0810811603161257
googlenet,implicit precomp gemm,427,inception5a.branch3.0.conv,832,32,1,1,0,0.45813599824905393,0.005064286335707317,0.5579040217627604
googlenet,implicit precomp gemm,427,inception5a.branch3.1.conv,32,128,3,1,1,0.3262336015701294,0.006371091691590481,0.39727731295016394
googlenet,implicit precomp gemm,427,inception5a.branch4.1.conv,832,128,1,1,0,0.5883503943681717,0.005297818878927509,0.7164751350651738
googlenet,implicit precomp gemm,427,inception5b.branch1.conv,832,384,1,1,0,0.8384847968816758,0.006260883359288287,1.0210811683759324
googlenet,implicit precomp gemm,427,inception5b.branch2.0.conv,832,192,1,1,0,0.6001119971275329,0.0064431284178664595,0.7307980555667328
googlenet,implicit precomp gemm,427,inception5b.branch2.1.conv,192,384,3,1,1,0.9774367988109589,0.0055372413615153646,1.1902926710838928
googlenet,implicit precomp gemm,427,inception5b.branch3.0.conv,832,48,1,1,0,0.4624367982149124,0.006348425930452804,0.5631414045637627
googlenet,implicit precomp gemm,427,inception5b.branch3.1.conv,48,128,3,1,1,0.3251760005950928,0.006213071976966249,0.39598939879443684
googlenet,implicit precomp gemm,427,inception5b.branch4.1.conv,832,128,1,1,0,0.5899056017398834,0.005956132238866529,0.718369019087973
googlenet,implicit precomp gemm,430,conv1.conv,3,64,7,2,3,2.1531887888908385,0.1036243515940272,2.619213254369216
googlenet,implicit precomp gemm,430,conv2.conv,64,64,1,1,0,1.5935376048088075,0.009872918474639796,1.938434213193651
googlenet,implicit precomp gemm,430,conv3.conv,64,192,3,1,1,2.432863986492157,0.166137424912321,2.959419829963104
googlenet,implicit precomp gemm,430,inception3a.branch1.conv,192,64,1,1,0,1.1024736046791077,0.00711495609872615,1.3410869928666163
googlenet,implicit precomp gemm,430,inception3a.branch2.0.conv,192,96,1,1,0,1.1474207878112792,0.011294588455326625,1.395762299748085
googlenet,implicit precomp gemm,430,inception3a.branch2.1.conv,96,128,3,1,1,1.036926406621933,0.012297928862452972,1.2613531159191362
googlenet,implicit precomp gemm,430,inception3a.branch3.0.conv,192,16,1,1,0,0.935921597480774,0.008957315510230735,1.1384873754775677
googlenet,implicit precomp gemm,430,inception3a.branch3.1.conv,16,32,3,1,1,0.29800800085067747,0.005652419756287897,0.36250723102559257
googlenet,implicit precomp gemm,430,inception3a.branch4.1.conv,192,32,1,1,0,1.037310403585434,0.023574052263931843,1.2618202230960025
googlenet,implicit precomp gemm,430,inception3b.branch1.conv,256,128,1,1,0,1.2471584022045135,0.03487624580223351,1.517086580705582
googlenet,implicit precomp gemm,430,inception3b.branch2.0.conv,256,128,1,1,0,1.2204560041427612,0.024001652623631096,1.4846048609011557
googlenet,implicit precomp gemm,430,inception3b.branch2.1.conv,128,192,3,1,1,1.356110394001007,0.023071977413703967,1.6496195487739802
googlenet,implicit precomp gemm,430,inception3b.branch3.0.conv,256,32,1,1,0,1.0082400053739549,0.010140320056669361,1.226457986074269
googlenet,implicit precomp gemm,430,inception3b.branch3.1.conv,32,96,3,1,1,0.703995195031166,0.011273515930509006,0.8563640844459892
googlenet,implicit precomp gemm,430,inception3b.branch4.1.conv,256,64,1,1,0,1.1491824030876159,0.027712821419073858,1.397905189449483
googlenet,implicit precomp gemm,430,inception4a.branch1.conv,480,192,1,1,0,1.0163296103477477,0.015301297605009754,1.236298461131212
googlenet,implicit precomp gemm,430,inception4a.branch2.0.conv,480,96,1,1,0,0.7420560002326966,0.007727300596975026,0.9026625632278549
googlenet,implicit precomp gemm,430,inception4a.branch2.1.conv,96,208,3,1,1,0.690846398472786,0.0074368721025267846,0.8403694339061013
googlenet,implicit precomp gemm,430,inception4a.branch3.0.conv,480,16,1,1,0,0.40836320370435714,0.007868543089252875,0.496747113517204
googlenet,implicit precomp gemm,430,inception4a.branch3.1.conv,16,48,3,1,1,0.22311999946832656,0.004522184977337407,0.27141087810666703
googlenet,implicit precomp gemm,430,inception4a.branch4.1.conv,480,64,1,1,0,0.7442176043987274,0.007411664561167967,0.9052920132378024
googlenet,implicit precomp gemm,430,inception4b.branch1.conv,512,160,1,1,0,0.9579407960176468,0.009614685284629044,1.165272289534302
googlenet,implicit precomp gemm,430,inception4b.branch2.0.conv,512,112,1,1,0,0.743603202700615,0.01150564310586169,0.9045446337792495
googlenet,implicit precomp gemm,430,inception4b.branch2.1.conv,112,224,3,1,1,0.716897600889206,0.008710217660486892,0.872059016823023
googlenet,implicit precomp gemm,430,inception4b.branch3.0.conv,512,24,1,1,0,0.4172271996736526,0.0059669361741844324,0.5075295845430788
googlenet,implicit precomp gemm,430,inception4b.branch3.1.conv,24,64,3,1,1,0.23727519884705545,0.00660358594102766,0.28862975181727374
googlenet,implicit precomp gemm,430,inception4b.branch4.1.conv,512,64,1,1,0,0.759663999080658,0.006099807490229405,0.9240815415373489
googlenet,implicit precomp gemm,430,inception4c.branch1.conv,512,128,1,1,0,0.7810591995716095,0.010257909382100782,0.9501074028064176
googlenet,implicit precomp gemm,430,inception4c.branch2.0.conv,512,128,1,1,0,0.7549759984016419,0.010261035512976012,0.9183788954998428
googlenet,implicit precomp gemm,430,inception4c.branch2.1.conv,128,256,3,1,1,0.9429023951292038,0.015625197439141515,1.1469790589849185
googlenet,implicit precomp gemm,430,inception4c.branch3.0.conv,512,24,1,1,0,0.4240495964884758,0.007326006229546311,0.515828583802292
googlenet,implicit precomp gemm,430,inception4c.branch3.1.conv,24,64,3,1,1,0.23800159990787506,0.004095779304799378,0.28951337117118403
googlenet,implicit precomp gemm,430,inception4c.branch4.1.conv,512,64,1,1,0,0.7582624018192291,0.007914171846031494,0.9223765901910654
googlenet,implicit precomp gemm,430,inception4d.branch1.conv,512,112,1,1,0,0.7658111959695816,0.007381479329777167,0.931559204272617
googlenet,implicit precomp gemm,430,inception4d.branch2.0.conv,512,144,1,1,0,0.7704111993312835,0.008296579272919343,0.9371548073322628
googlenet,implicit precomp gemm,430,inception4d.branch2.1.conv,144,288,3,1,1,0.9850015997886657,0.02155993934356643,1.1981899864295418
googlenet,implicit precomp gemm,430,inception4d.branch3.0.conv,512,32,1,1,0,0.42712959796190264,0.007489098338583442,0.51957520403564
googlenet,implicit precomp gemm,430,inception4d.branch3.1.conv,32,64,3,1,1,0.35550559908151624,0.008396155438293666,0.43244929656002534
googlenet,implicit precomp gemm,430,inception4d.branch4.1.conv,512,64,1,1,0,0.7553952038288116,0.008211096103361546,0.9188888314686773
googlenet,implicit precomp gemm,430,inception4e.branch1.conv,528,256,1,1,0,0.9686336010694504,0.01063729060100265,1.1782793871295374
googlenet,implicit precomp gemm,430,inception4e.branch2.0.conv,528,160,1,1,0,0.9806607961654663,0.008146634075862056,1.1929096828894352
googlenet,implicit precomp gemm,430,inception4e.branch2.1.conv,160,320,3,1,1,1.0510143965482712,0.026395115269913602,1.2784902337291788
googlenet,implicit precomp gemm,430,inception4e.branch3.0.conv,528,32,1,1,0,0.4480432018637657,0.006586429868976635,0.5450152345703543
googlenet,implicit precomp gemm,430,inception4e.branch3.1.conv,32,128,3,1,1,0.3862431973218918,0.007329388335937997,0.4698395733132956
googlenet,implicit precomp gemm,430,inception4e.branch4.1.conv,528,128,1,1,0,0.7916256040334702,0.00493973717185566,0.9629607423557972
googlenet,implicit precomp gemm,430,inception5a.branch1.conv,832,256,1,1,0,0.6605695992708206,0.007061449253851334,0.8035396890278025
googlenet,implicit precomp gemm,430,inception5a.branch2.0.conv,832,160,1,1,0,0.5840911954641342,0.0062460042141402345,0.7105087156375591
googlenet,implicit precomp gemm,430,inception5a.branch2.1.conv,160,320,3,1,1,0.896969598531723,0.009071235724650413,1.091104817822656
googlenet,implicit precomp gemm,430,inception5a.branch3.0.conv,832,32,1,1,0,0.4596047982573509,0.005317089052475364,0.5590791599780957
googlenet,implicit precomp gemm,430,inception5a.branch3.1.conv,32,128,3,1,1,0.32455839961767197,0.005970908568859293,0.3948040536349665
googlenet,implicit precomp gemm,430,inception5a.branch4.1.conv,832,128,1,1,0,0.59235999584198,0.007342792798397162,0.7205671701767651
googlenet,implicit precomp gemm,430,inception5b.branch1.conv,832,384,1,1,0,0.8410832047462463,0.005680780068882887,1.0231226770568103
googlenet,implicit precomp gemm,430,inception5b.branch2.0.conv,832,192,1,1,0,0.6058144062757492,0.007870681316054307,0.736933579996317
googlenet,implicit precomp gemm,430,inception5b.branch2.1.conv,192,384,3,1,1,0.989532807469368,0.009808653508673465,1.2037019040453254
googlenet,implicit precomp gemm,430,inception5b.branch3.0.conv,832,48,1,1,0,0.4648208022117615,0.007281955876920312,0.5654240874469368
googlenet,implicit precomp gemm,430,inception5b.branch3.1.conv,48,128,3,1,1,0.3263631984591484,0.007442658707889679,0.39699947331737173
googlenet,implicit precomp gemm,430,inception5b.branch4.1.conv,832,128,1,1,0,0.5922287970781326,0.00673268949668096,0.7204075754663528
googlenet,implicit precomp gemm,433,conv1.conv,3,64,7,2,3,3.1502079725265504,2.578861137631276,3.6649124362370644
googlenet,implicit precomp gemm,433,conv2.conv,64,64,1,1,0,1.854825621843338,2.1135594944068474,2.157880859876309
googlenet,implicit precomp gemm,433,conv3.conv,64,192,3,1,1,3.47527676820755,2.9874926907361785,4.043093395181311
googlenet,implicit precomp gemm,433,inception3a.branch1.conv,192,64,1,1,0,1.0337264031171798,0.9239062676121478,1.2026243294065027
googlenet,implicit precomp gemm,433,inception3a.branch2.0.conv,192,96,1,1,0,1.6975424110889434,2.486686052345076,1.9748995455846166
googlenet,implicit precomp gemm,433,inception3a.branch2.1.conv,96,128,3,1,1,1.3090847730636597,1.0866010969976643,1.5229728026628395
googlenet,implicit precomp gemm,433,inception3a.branch3.0.conv,192,16,1,1,0,0.78681281208992,0.5409922929451787,0.9153681551082739
googlenet,implicit precomp gemm,433,inception3a.branch3.1.conv,16,32,3,1,1,0.2851488009095192,0.004698193076146925,0.33173853781889506
googlenet,implicit precomp gemm,433,inception3a.branch4.1.conv,192,32,1,1,0,0.8375919997692108,0.3716115819350503,0.9744440250352333
googlenet,implicit precomp gemm,433,inception3b.branch1.conv,256,128,1,1,0,1.1030575931072235,0.4346766640323119,1.2832833660890355
googlenet,implicit precomp gemm,433,inception3b.branch2.0.conv,256,128,1,1,0,1.06805599629879,0.4517745858282953,1.2425629474531503
googlenet,implicit precomp gemm,433,inception3b.branch2.1.conv,128,192,3,1,1,1.4753391981124877,0.2304885173836248,1.7163911151218139
googlenet,implicit precomp gemm,433,inception3b.branch3.0.conv,256,32,1,1,0,0.7421136021614074,0.012725261065161041,0.8633656550239412
googlenet,implicit precomp gemm,433,inception3b.branch3.1.conv,32,96,3,1,1,0.7013599961996079,0.010035965034340701,0.8159534210973303
googlenet,implicit precomp gemm,433,inception3b.branch4.1.conv,256,64,1,1,0,1.0591360092163087,0.02335596671081188,1.232185546381614
googlenet,implicit precomp gemm,433,inception4a.branch1.conv,480,192,1,1,0,1.0550655961036681,0.018500344880788295,1.227450078829237
googlenet,implicit precomp gemm,433,inception4a.branch2.0.conv,480,96,1,1,0,0.7446751981973648,0.009182574252775005,0.8663457837172435
googlenet,implicit precomp gemm,433,inception4a.branch2.1.conv,96,208,3,1,1,0.7235552042722702,0.02881861442772444,0.8417750477327074
googlenet,implicit precomp gemm,433,inception4a.branch3.0.conv,480,16,1,1,0,0.4148255974054337,0.006230041107200781,0.48260289608159523
googlenet,implicit precomp gemm,433,inception4a.branch3.1.conv,16,48,3,1,1,0.23524160012602807,0.03945132367010581,0.2736771265075327
googlenet,implicit precomp gemm,433,inception4a.branch4.1.conv,480,64,1,1,0,0.7561775982379914,0.024453353172091647,0.8797275316282096
googlenet,implicit precomp gemm,433,inception4b.branch1.conv,512,160,1,1,0,0.9782144010066987,0.018983173055215498,1.1380423625429146
googlenet,implicit precomp gemm,433,inception4b.branch2.0.conv,512,112,1,1,0,0.7540784031152725,0.019708476819665862,0.8772853543566025
googlenet,implicit precomp gemm,433,inception4b.branch2.1.conv,112,224,3,1,1,0.7312000036239624,0.04288031922332701,0.8506689113953287
googlenet,implicit precomp gemm,433,inception4b.branch3.0.conv,512,24,1,1,0,0.4268192008137703,0.011942314983965217,0.49655610382846493
googlenet,implicit precomp gemm,433,inception4b.branch3.1.conv,24,64,3,1,1,0.24979359954595565,0.008641091892157114,0.29060674007950066
googlenet,implicit precomp gemm,433,inception4b.branch4.1.conv,512,64,1,1,0,0.7566447973251342,0.012668722836087604,0.8802710651852323
googlenet,implicit precomp gemm,433,inception4c.branch1.conv,512,128,1,1,0,0.9429856061935424,0.013618552221955967,1.0970576245985084
googlenet,implicit precomp gemm,433,inception4c.branch2.0.conv,512,128,1,1,0,0.9196863949298859,0.014343028426456513,1.069951614500323
googlenet,implicit precomp gemm,433,inception4c.branch2.1.conv,128,256,3,1,1,0.9334463983774185,0.04717948852619056,1.0859598298935058
googlenet,implicit precomp gemm,433,inception4c.branch3.0.conv,512,24,1,1,0,0.42913119941949845,0.005963150718216507,0.49924585400260985
googlenet,implicit precomp gemm,433,inception4c.branch3.1.conv,24,64,3,1,1,0.24113919958472252,0.00872208286335915,0.28053831973306415
googlenet,implicit precomp gemm,433,inception4c.branch4.1.conv,512,64,1,1,0,0.7532079994678498,0.009986929217810839,0.8762727376723054
googlenet,implicit precomp gemm,433,inception4d.branch1.conv,512,112,1,1,0,0.7655199974775314,0.015253420069802853,0.8905963617041558
googlenet,implicit precomp gemm,433,inception4d.branch2.0.conv,512,144,1,1,0,0.9353120058774949,0.0180371117880707,1.0881302542552609
googlenet,implicit precomp gemm,433,inception4d.branch2.1.conv,144,288,3,1,1,0.9807408064603805,0.058987739621765546,1.1409815509542593
googlenet,implicit precomp gemm,433,inception4d.branch3.0.conv,512,32,1,1,0,0.4383216008543968,0.006614857808137609,0.509937851739431
googlenet,implicit precomp gemm,433,inception4d.branch3.1.conv,32,64,3,1,1,0.3629807993769646,0.0077691506557311454,0.4222873084423624
googlenet,implicit precomp gemm,433,inception4d.branch4.1.conv,512,64,1,1,0,0.7547919929027558,0.010783099429193846,0.8781155357634577
googlenet,implicit precomp gemm,433,inception4e.branch1.conv,528,256,1,1,0,1.0143631935119628,0.0254209114350634,1.180097414261053
googlenet,implicit precomp gemm,433,inception4e.branch2.0.conv,528,160,1,1,0,0.9889823973178864,0.016878801478519886,1.1505697143680629
googlenet,implicit precomp gemm,433,inception4e.branch2.1.conv,160,320,3,1,1,1.062447988986969,0.07504470682019142,1.236038662098391
googlenet,implicit precomp gemm,433,inception4e.branch3.0.conv,528,32,1,1,0,0.44756480008363725,0.006523377476979053,0.5206912737678475
googlenet,implicit precomp gemm,433,inception4e.branch3.1.conv,32,128,3,1,1,0.39471199810504914,0.010640960114157065,0.45920298697834094
googlenet,implicit precomp gemm,433,inception4e.branch4.1.conv,528,128,1,1,0,0.9583167999982833,0.014868500693029136,1.1148937431428634
googlenet,implicit precomp gemm,433,inception5a.branch1.conv,832,256,1,1,0,0.7727215975522995,0.03918283570209153,0.8989746128878882
googlenet,implicit precomp gemm,433,inception5a.branch2.0.conv,832,160,1,1,0,0.6923215925693512,0.019818782863803584,0.805438255699634
googlenet,implicit precomp gemm,433,inception5a.branch2.1.conv,160,320,3,1,1,0.9150975972414017,0.0775137716797372,1.0646130648354848
googlenet,implicit precomp gemm,433,inception5a.branch3.0.conv,832,32,1,1,0,0.3702736020088196,0.006859016227677175,0.4307716635368839
googlenet,implicit precomp gemm,433,inception5a.branch3.1.conv,32,128,3,1,1,0.3421823978424072,0.009968368297856607,0.3980907090106374
googlenet,implicit precomp gemm,433,inception5a.branch4.1.conv,832,128,1,1,0,0.6923135936260223,0.017121710900783245,0.8054289498293109
googlenet,implicit precomp gemm,433,inception5b.branch1.conv,832,384,1,1,0,0.9651279956102371,0.06064388163480011,1.122817802672137
googlenet,implicit precomp gemm,433,inception5b.branch2.0.conv,832,192,1,1,0,0.704899200797081,0.026375778219499862,0.8200708873271118
googlenet,implicit precomp gemm,433,inception5b.branch2.1.conv,192,384,3,1,1,0.9898032009601593,0.01004926332916202,1.151524627028595
googlenet,implicit precomp gemm,433,inception5b.branch3.0.conv,832,48,1,1,0,0.46875679939985276,0.009730366391839206,0.5453457799211142
googlenet,implicit precomp gemm,433,inception5b.branch3.1.conv,48,128,3,1,1,0.3271360009908676,0.011749841131512213,0.3805859196688915
googlenet,implicit precomp gemm,433,inception5b.branch4.1.conv,832,128,1,1,0,0.6955151945352555,0.01633294586676827,0.8091536521633939
googlenet,implicit precomp gemm,436,conv1.conv,3,64,7,2,3,2.756455993652344,0.4001394358748577,3.224249932874644
googlenet,implicit precomp gemm,436,conv2.conv,64,64,1,1,0,1.374001580476761,0.00960632787260422,1.6071812914204633
googlenet,implicit precomp gemm,436,conv3.conv,64,192,3,1,1,2.911779189109802,0.11343362677202602,3.4059327907475234
googlenet,implicit precomp gemm,436,inception3a.branch1.conv,192,64,1,1,0,0.8368160009384156,0.009594430537712147,0.9788307671399056
googlenet,implicit precomp gemm,436,inception3a.branch2.0.conv,192,96,1,1,0,1.1216784060001372,0.007936305388578258,1.3120367361500558
googlenet,implicit precomp gemm,436,inception3a.branch2.1.conv,96,128,3,1,1,1.0557056069374084,0.008700245317336023,1.2348677940594155
googlenet,implicit precomp gemm,436,inception3a.branch3.0.conv,192,16,1,1,0,0.6642080008983612,0.0077333284575759696,0.7769297268822811
googlenet,implicit precomp gemm,436,inception3a.branch3.1.conv,16,32,3,1,1,0.2839792028069496,0.006580518092518743,0.33217287984884264
googlenet,implicit precomp gemm,436,inception3a.branch4.1.conv,192,32,1,1,0,0.748428800702095,0.015867327961433926,0.8754435100658943
googlenet,implicit precomp gemm,436,inception3b.branch1.conv,256,128,1,1,0,1.023288008570671,0.01361489236365884,1.196948654556152
googlenet,implicit precomp gemm,436,inception3b.branch2.0.conv,256,128,1,1,0,0.9862127989530564,0.005678371110446361,1.1535814677060128
googlenet,implicit precomp gemm,436,inception3b.branch2.1.conv,128,192,3,1,1,1.424896001815796,0.007809724296786969,1.6667129273195902
googlenet,implicit precomp gemm,436,inception3b.branch3.0.conv,256,32,1,1,0,0.74304159283638,0.015715889680450488,0.8691420473763346
googlenet,implicit precomp gemm,436,inception3b.branch3.1.conv,32,96,3,1,1,0.7028751999139786,0.011422164700003441,0.822159077221142
googlenet,implicit precomp gemm,436,inception3b.branch4.1.conv,256,64,1,1,0,1.082291203737259,0.02003976284931657,1.2659651919118557
googlenet,implicit precomp gemm,436,inception4a.branch1.conv,480,192,1,1,0,1.0547119915485381,0.004853434449038507,1.2337055537195567
googlenet,implicit precomp gemm,436,inception4a.branch2.0.conv,480,96,1,1,0,0.7480911999940872,0.009321637432642341,0.875048615657045
googlenet,implicit precomp gemm,436,inception4a.branch2.1.conv,96,208,3,1,1,0.7358431994915009,0.012226071162889244,0.8607220256845393
googlenet,implicit precomp gemm,436,inception4a.branch3.0.conv,480,16,1,1,0,0.41235999912023547,0.005727250332011033,0.48234098514372875
googlenet,implicit precomp gemm,436,inception4a.branch3.1.conv,16,48,3,1,1,0.22007199972867966,0.00438710295243109,0.2574200828842536
googlenet,implicit precomp gemm,436,inception4a.branch4.1.conv,480,64,1,1,0,0.7518272012472152,0.00648961544005253,0.8794186479802008
googlenet,implicit precomp gemm,436,inception4b.branch1.conv,512,160,1,1,0,0.9738128006458282,0.0076152632493972265,1.1390770846134495
googlenet,implicit precomp gemm,436,inception4b.branch2.0.conv,512,112,1,1,0,0.7676783978939057,0.006041810011710911,0.8979599270145
googlenet,implicit precomp gemm,436,inception4b.branch2.1.conv,112,224,3,1,1,0.7201824098825454,0.009508383131252088,0.8424034673757115
googlenet,implicit precomp gemm,436,inception4b.branch3.0.conv,512,24,1,1,0,0.42339039742946627,0.004815138668044794,0.49524333551319516
googlenet,implicit precomp gemm,436,inception4b.branch3.1.conv,24,64,3,1,1,0.23811039924621583,0.00793868599173523,0.2785197516500585
googlenet,implicit precomp gemm,436,inception4b.branch4.1.conv,512,64,1,1,0,0.7589120000600815,0.004303676319875245,0.8877057971853463
googlenet,implicit precomp gemm,436,inception4c.branch1.conv,512,128,1,1,0,0.94654880464077,0.006962172252255539,1.1071861574621957
googlenet,implicit precomp gemm,436,inception4c.branch2.0.conv,512,128,1,1,0,0.9438816040754319,0.0069962018702214405,1.1040663103601347
googlenet,implicit precomp gemm,436,inception4c.branch2.1.conv,128,256,3,1,1,0.9396767944097519,0.006266139891486832,1.099147908864323
googlenet,implicit precomp gemm,436,inception4c.branch3.0.conv,512,24,1,1,0,0.4269599989056587,0.005364228259328393,0.4994187286072647
googlenet,implicit precomp gemm,436,inception4c.branch3.1.conv,24,64,3,1,1,0.2584400027990341,0.005015195327509363,0.30229946119067436
googlenet,implicit precomp gemm,436,inception4c.branch4.1.conv,512,64,1,1,0,0.751771193742752,0.004907501134997407,0.879353135527645
googlenet,implicit precomp gemm,436,inception4d.branch1.conv,512,112,1,1,0,0.7834128022193909,0.00762540286094827,0.9163645930810341
googlenet,implicit precomp gemm,436,inception4d.branch2.0.conv,512,144,1,1,0,0.9438768029212952,0.015460246803202078,1.104060694409458
googlenet,implicit precomp gemm,436,inception4d.branch2.1.conv,144,288,3,1,1,0.9638879954814911,0.016830229733118048,1.127467955913917
googlenet,implicit precomp gemm,436,inception4d.branch3.0.conv,512,32,1,1,0,0.4368175983428955,0.009900827421232505,0.5109492461983337
googlenet,implicit precomp gemm,436,inception4d.branch3.1.conv,32,64,3,1,1,0.36045280545949937,0.009119832705158528,0.4216247008780828
googlenet,implicit precomp gemm,436,inception4d.branch4.1.conv,512,64,1,1,0,0.7604880005121231,0.01301980290839702,0.8895492582684933
googlenet,implicit precomp gemm,436,inception4e.branch1.conv,528,256,1,1,0,1.0068064093589784,0.013190443491156358,1.1776699882997919
googlenet,implicit precomp gemm,436,inception4e.branch2.0.conv,528,160,1,1,0,1.0012048065662384,0.014195119531004196,1.171117746047395
googlenet,implicit precomp gemm,436,inception4e.branch2.1.conv,160,320,3,1,1,1.0493808031082152,0.012207810130418785,1.2274696174265642
googlenet,implicit precomp gemm,436,inception4e.branch3.0.conv,528,32,1,1,0,0.4474607989192009,0.006324585656374895,0.5233986880986393
googlenet,implicit precomp gemm,436,inception4e.branch3.1.conv,32,128,3,1,1,0.3922352001070976,0.009056572936794478,0.4588008372086084
googlenet,implicit precomp gemm,436,inception4e.branch4.1.conv,528,128,1,1,0,0.9710352092981338,0.0065438807486609745,1.135828112477859
googlenet,implicit precomp gemm,436,inception5a.branch1.conv,832,256,1,1,0,0.770044806599617,0.01002902329166768,0.9007279353295662
googlenet,implicit precomp gemm,436,inception5a.branch2.0.conv,832,160,1,1,0,0.6872159987688065,0.0060765879522385186,0.8038423769518617
googlenet,implicit precomp gemm,436,inception5a.branch2.1.conv,160,320,3,1,1,0.8958624064922333,0.0075007476843114125,1.0478978480516994
googlenet,implicit precomp gemm,436,inception5a.branch3.0.conv,832,32,1,1,0,0.3715072050690651,0.005810033484055449,0.43455512577192823
googlenet,implicit precomp gemm,436,inception5a.branch3.1.conv,32,128,3,1,1,0.3355072006583214,0.006675967396905923,0.39244561556312246
googlenet,implicit precomp gemm,436,inception5a.branch4.1.conv,832,128,1,1,0,0.69166239798069,0.005086402117581802,0.8090433677870004
googlenet,implicit precomp gemm,436,inception5b.branch1.conv,832,384,1,1,0,0.9500944048166275,0.005269880222119575,1.1113334760318863
googlenet,implicit precomp gemm,436,inception5b.branch2.0.conv,832,192,1,1,0,0.6980832010507584,0.009926972282658434,0.8165538355453623
googlenet,implicit precomp gemm,436,inception5b.branch2.1.conv,192,384,3,1,1,0.9805263936519623,0.007058151109861664,1.1469300312410113
googlenet,implicit precomp gemm,436,inception5b.branch3.0.conv,832,48,1,1,0,0.46629599928855897,0.008760977850952744,0.5454303815725903
googlenet,implicit precomp gemm,436,inception5b.branch3.1.conv,48,128,3,1,1,0.32661919891834257,0.00810369487659413,0.38204924461451706
googlenet,implicit precomp gemm,436,inception5b.branch4.1.conv,832,128,1,1,0,0.6933583974838257,0.004387443681128473,0.8110271927770359
googlenet,implicit precomp gemm,439,conv1.conv,3,64,7,2,3,2.14306720495224,0.02464806050286982,2.4867839163696335
googlenet,implicit precomp gemm,439,conv2.conv,64,64,1,1,0,1.3105968117713929,0.010145384159379038,1.5207974182177146
googlenet,implicit precomp gemm,439,conv3.conv,64,192,3,1,1,2.1833455920219422,0.009729780904019282,2.533522369046613
googlenet,implicit precomp gemm,439,inception3a.branch1.conv,192,64,1,1,0,0.8186703979969024,0.021087669991984005,0.9499731850882366
googlenet,implicit precomp gemm,439,inception3a.branch2.0.conv,192,96,1,1,0,1.133820801973343,0.010061253309870925,1.315669115684809
googlenet,implicit precomp gemm,439,inception3a.branch2.1.conv,96,128,3,1,1,1.0328000068664551,0.012916520232256255,1.1984460589789045
googlenet,implicit precomp gemm,439,inception3a.branch3.0.conv,192,16,1,1,0,0.6674991995096207,0.0059848527630913684,0.7745563320153195
googlenet,implicit precomp gemm,439,inception3a.branch3.1.conv,16,32,3,1,1,0.2884560003876686,0.004900008086059938,0.3347201341548005
googlenet,implicit precomp gemm,439,inception3a.branch4.1.conv,192,32,1,1,0,0.7577951937913895,0.012883182690866206,0.8793344863231362
googlenet,implicit precomp gemm,439,inception3b.branch1.conv,256,128,1,1,0,1.2021072149276733,0.011222863285026544,1.3949076729493666
googlenet,implicit precomp gemm,439,inception3b.branch2.0.conv,256,128,1,1,0,1.1880623996257782,0.015493623517538246,1.3786102741928432
googlenet,implicit precomp gemm,439,inception3b.branch2.1.conv,128,192,3,1,1,1.3619872033596039,0.02500201329277687,1.5804300788091252
googlenet,implicit precomp gemm,439,inception3b.branch3.0.conv,256,32,1,1,0,0.7383872091770172,0.009412701676150215,0.8568137441473228
googlenet,implicit precomp gemm,439,inception3b.branch3.1.conv,32,96,3,1,1,0.7122351974248886,0.006822243527058701,0.8264673312790655
googlenet,implicit precomp gemm,439,inception3b.branch4.1.conv,256,64,1,1,0,1.0401599943637847,0.011508750217062401,1.2069864810854751
googlenet,implicit precomp gemm,439,inception4a.branch1.conv,480,192,1,1,0,1.0391215980052948,0.005208702511173981,1.2057815411017254
googlenet,implicit precomp gemm,439,inception4a.branch2.0.conv,480,96,1,1,0,0.7416111946105957,0.008779201812135316,0.8605548098051361
googlenet,implicit precomp gemm,439,inception4a.branch2.1.conv,96,208,3,1,1,0.7036191999912262,0.0099168819587769,0.8164694535680904
googlenet,implicit precomp gemm,439,inception4a.branch3.0.conv,480,16,1,1,0,0.41048000007867813,0.005152453362688877,0.4763150030144816
googlenet,implicit precomp gemm,439,inception4a.branch3.1.conv,16,48,3,1,1,0.22326239719986915,0.005910794933954223,0.25907042821792264
googlenet,implicit precomp gemm,439,inception4a.branch4.1.conv,480,64,1,1,0,0.7483488023281097,0.006214242714051341,0.8683730314959932
googlenet,implicit precomp gemm,439,inception4b.branch1.conv,512,160,1,1,0,0.9717263996601104,0.00819254694914553,1.1275771362664226
googlenet,implicit precomp gemm,439,inception4b.branch2.0.conv,512,112,1,1,0,0.7532912015914917,0.008169911513968052,0.8741081194895259
googlenet,implicit precomp gemm,439,inception4b.branch2.1.conv,112,224,3,1,1,0.7274064034223556,0.008440463012644235,0.844071777364214
googlenet,implicit precomp gemm,439,inception4b.branch3.0.conv,512,24,1,1,0,0.42359360456466677,0.00764924617967796,0.4915318383269869
googlenet,implicit precomp gemm,439,inception4b.branch3.1.conv,24,64,3,1,1,0.24404000118374825,0.004678799611189362,0.2831804567267858
googlenet,implicit precomp gemm,439,inception4b.branch4.1.conv,512,64,1,1,0,0.766566401720047,0.019588664441089112,0.8895124680279168
googlenet,implicit precomp gemm,439,inception4c.branch1.conv,512,128,1,1,0,0.9598703980445862,0.02496770753802349,1.1138196049758464
googlenet,implicit precomp gemm,439,inception4c.branch2.0.conv,512,128,1,1,0,0.9318943977355957,0.02097444014406099,1.081356662398971
googlenet,implicit precomp gemm,439,inception4c.branch2.1.conv,128,256,3,1,1,0.9498144000768661,0.02510588585443368,1.1021507716553678
googlenet,implicit precomp gemm,439,inception4c.branch3.0.conv,512,24,1,1,0,0.4325039967894554,0.01390040025998202,0.5018713274582403
googlenet,implicit precomp gemm,439,inception4c.branch3.1.conv,24,64,3,1,1,0.24802079871296884,0.00853200215178321,0.2877997160981737
googlenet,implicit precomp gemm,439,inception4c.branch4.1.conv,512,64,1,1,0,0.7667984038591384,0.020475988239578368,0.8897816799251091
googlenet,implicit precomp gemm,439,inception4d.branch1.conv,512,112,1,1,0,0.7695935904979706,0.019502194344400276,0.8930251737178547
googlenet,implicit precomp gemm,439,inception4d.branch2.0.conv,512,144,1,1,0,0.9273087978363037,0.014000941142693313,1.0760355991816748
googlenet,implicit precomp gemm,439,inception4d.branch2.1.conv,144,288,3,1,1,1.0215408027172088,0.007045259319203847,1.1853810427606697
googlenet,implicit precomp gemm,439,inception4d.branch3.0.conv,512,32,1,1,0,0.4472432002425194,0.006433393444382874,0.5189744840939634
googlenet,implicit precomp gemm,439,inception4d.branch3.1.conv,32,64,3,1,1,0.35925919860601424,0.006016571587100811,0.41687913231876006
googlenet,implicit precomp gemm,439,inception4d.branch4.1.conv,512,64,1,1,0,0.7590703934431076,0.005287370505274308,0.8808142093932875
googlenet,implicit precomp gemm,439,inception4e.branch1.conv,528,256,1,1,0,0.9695871978998184,0.007602435339421641,1.1250948377556382
googlenet,implicit precomp gemm,439,inception4e.branch2.0.conv,528,160,1,1,0,0.9917536050081253,0.00824962568786125,1.1508164131468623
googlenet,implicit precomp gemm,439,inception4e.branch2.1.conv,160,320,3,1,1,1.0937967956066132,0.008236978884823184,1.2692258426640373
googlenet,implicit precomp gemm,439,inception4e.branch3.0.conv,528,32,1,1,0,0.45099359303712844,0.007806608156092555,0.5233263851730106
googlenet,implicit precomp gemm,439,inception4e.branch3.1.conv,32,128,3,1,1,0.3916080012917519,0.00634133625011493,0.4544162109725768
googlenet,implicit precomp gemm,439,inception4e.branch4.1.conv,528,128,1,1,0,0.964999994635582,0.007998538097420719,1.1197719140170541
googlenet,implicit precomp gemm,439,inception5a.branch1.conv,832,256,1,1,0,0.7800175994634628,0.007473772457975299,0.9051210416307123
googlenet,implicit precomp gemm,439,inception5a.branch2.0.conv,832,160,1,1,0,0.6954624027013778,0.0074484479153648,0.8070044250040728
googlenet,implicit precomp gemm,439,inception5a.branch2.1.conv,160,320,3,1,1,0.9014256060123443,0.00810039245234802,1.0460011210358684
googlenet,implicit precomp gemm,439,inception5a.branch3.0.conv,832,32,1,1,0,0.36714880019426344,0.004502125992960946,0.4260341108891403
googlenet,implicit precomp gemm,439,inception5a.branch3.1.conv,32,128,3,1,1,0.3385328009724617,0.007843209072962928,0.39282852291169357
googlenet,implicit precomp gemm,439,inception5a.branch4.1.conv,832,128,1,1,0,0.6894271939992904,0.004936913102832906,0.8000012568824181
googlenet,implicit precomp gemm,439,inception5b.branch1.conv,832,384,1,1,0,0.9527248054742813,0.008118874581684192,1.1055279636144826
googlenet,implicit precomp gemm,439,inception5b.branch2.0.conv,832,192,1,1,0,0.7013360023498535,0.007554892594065606,0.8138200643378607
googlenet,implicit precomp gemm,439,inception5b.branch2.1.conv,192,384,3,1,1,0.9879952043294906,0.010383325481882593,1.1464552198360303
googlenet,implicit precomp gemm,439,inception5b.branch3.0.conv,832,48,1,1,0,0.46693760007619856,0.008231211191314066,0.5418275783113412
googlenet,implicit precomp gemm,439,inception5b.branch3.1.conv,48,128,3,1,1,0.32617600113153455,0.00645326673571338,0.3784898726672178
googlenet,implicit precomp gemm,439,inception5b.branch4.1.conv,832,128,1,1,0,0.690062403678894,0.0045183109253853476,0.8007383449266523
googlenet,implicit precomp gemm,442,conv1.conv,3,64,7,2,3,2.890743982791901,0.2339464390760258,3.3483017917767386
googlenet,implicit precomp gemm,442,conv2.conv,64,64,1,1,0,1.3695088028907776,0.00927575717024195,1.5862797971283749
googlenet,implicit precomp gemm,442,conv3.conv,64,192,3,1,1,2.704428791999817,0.016602089236820876,3.1324959331887876
googlenet,implicit precomp gemm,442,inception3a.branch1.conv,192,64,1,1,0,0.8379503965377808,0.011354433651092727,0.9705843308329591
googlenet,implicit precomp gemm,442,inception3a.branch2.0.conv,192,96,1,1,0,1.1776639997959137,0.015984513390384106,1.3640690784450837
googlenet,implicit precomp gemm,442,inception3a.branch2.1.conv,96,128,3,1,1,1.0171631902456284,0.06056068922355052,1.1781635982649232
googlenet,implicit precomp gemm,442,inception3a.branch3.0.conv,192,16,1,1,0,0.6678416073322296,0.006680959314246019,0.7735500839108854
googlenet,implicit precomp gemm,442,inception3a.branch3.1.conv,16,32,3,1,1,0.2953087970614433,0.016468914797073835,0.3420513820021137
googlenet,implicit precomp gemm,442,inception3a.branch4.1.conv,192,32,1,1,0,0.7683136016130447,0.010226253367947894,0.8899251626021943
googlenet,implicit precomp gemm,442,inception3b.branch1.conv,256,128,1,1,0,1.2343263924121857,0.008690893313900164,1.4297002072661789
googlenet,implicit precomp gemm,442,inception3b.branch2.0.conv,256,128,1,1,0,1.1972608029842378,0.019745233038254713,1.3867677372053067
googlenet,implicit precomp gemm,442,inception3b.branch2.1.conv,128,192,3,1,1,1.433327978849411,0.008367894631272558,1.6602005118246757
googlenet,implicit precomp gemm,442,inception3b.branch3.0.conv,256,32,1,1,0,0.749519994854927,0.007731886099710417,0.8681568332182211
googlenet,implicit precomp gemm,442,inception3b.branch3.1.conv,32,96,3,1,1,0.713608005642891,0.008528175385394849,0.8265605595458654
googlenet,implicit precomp gemm,442,inception3b.branch4.1.conv,256,64,1,1,0,1.0773840069770813,0.016308770513434975,1.2479163919279026
googlenet,implicit precomp gemm,442,inception4a.branch1.conv,480,192,1,1,0,1.0412671983242034,0.005909625483799188,1.2060828792247493
googlenet,implicit precomp gemm,442,inception4a.branch2.0.conv,480,96,1,1,0,0.7479071974754333,0.00695456265928111,0.8662887562153188
googlenet,implicit precomp gemm,442,inception4a.branch2.1.conv,96,208,3,1,1,0.7027296006679535,0.006871795950653804,0.8139602797957101
googlenet,implicit precomp gemm,442,inception4a.branch3.0.conv,480,16,1,1,0,0.415251199901104,0.0048192831401146115,0.48097871860774827
googlenet,implicit precomp gemm,442,inception4a.branch3.1.conv,16,48,3,1,1,0.22157760038971902,0.010600500904317208,0.2566497347461209
googlenet,implicit precomp gemm,442,inception4a.branch4.1.conv,480,64,1,1,0,0.7486656039953232,0.0033764049379736835,0.8671672061661131
googlenet,implicit precomp gemm,442,inception4b.branch1.conv,512,160,1,1,0,0.9789120048284531,0.008290972198496489,1.133857871631112
googlenet,implicit precomp gemm,442,inception4b.branch2.0.conv,512,112,1,1,0,0.7501679986715317,0.008980835953273399,0.8689074055114201
googlenet,implicit precomp gemm,442,inception4b.branch2.1.conv,112,224,3,1,1,0.7593439996242524,0.00947307891217549,0.879535818340171
googlenet,implicit precomp gemm,442,inception4b.branch3.0.conv,512,24,1,1,0,0.42485920190811155,0.006145386204045583,0.49210751123932117
googlenet,implicit precomp gemm,442,inception4b.branch3.1.conv,24,64,3,1,1,0.25659840032458303,0.0067636958641682735,0.2972137583571323
googlenet,implicit precomp gemm,442,inception4b.branch4.1.conv,512,64,1,1,0,0.7551088064908982,0.0090362044892485,0.8746302629394348
googlenet,implicit precomp gemm,442,inception4c.branch1.conv,512,128,1,1,0,0.9495983958244324,0.008103047281121345,1.099904394555356
googlenet,implicit precomp gemm,442,inception4c.branch2.0.conv,512,128,1,1,0,0.9081647992134094,0.008712655511006829,1.0519125327376746
googlenet,implicit precomp gemm,442,inception4c.branch2.1.conv,128,256,3,1,1,0.966555193066597,0.009638850065384714,1.119545177318103
googlenet,implicit precomp gemm,442,inception4c.branch3.0.conv,512,24,1,1,0,0.4313951998949051,0.009186341437118536,0.49967805152255085
googlenet,implicit precomp gemm,442,inception4c.branch3.1.conv,24,64,3,1,1,0.24194720089435579,0.006074964208992269,0.28024351208283965
googlenet,implicit precomp gemm,442,inception4c.branch4.1.conv,512,64,1,1,0,0.7614720016717911,0.010764010326360842,0.8820006485399718
googlenet,implicit precomp gemm,442,inception4d.branch1.conv,512,112,1,1,0,0.7619903922080994,0.008321132753616352,0.8826010918763219
googlenet,implicit precomp gemm,442,inception4d.branch2.0.conv,512,144,1,1,0,0.9397663980722427,0.009483177270213888,1.0885161512912096
googlenet,implicit precomp gemm,442,inception4d.branch2.1.conv,144,288,3,1,1,1.02050079703331,0.007561418399246993,1.182029493983799
googlenet,implicit precomp gemm,442,inception4d.branch3.0.conv,512,32,1,1,0,0.4380399987101555,0.006070046300747461,0.5073746140377864
googlenet,implicit precomp gemm,442,inception4d.branch3.1.conv,32,64,3,1,1,0.37075520157814024,0.01018134362922233,0.4294397266393961
googlenet,implicit precomp gemm,442,inception4d.branch4.1.conv,512,64,1,1,0,0.7515455991029739,0.005511953196893898,0.8705030577104417
googlenet,implicit precomp gemm,442,inception4e.branch1.conv,528,256,1,1,0,1.0317391991615295,0.010545147199552475,1.1950467525880293
googlenet,implicit precomp gemm,442,inception4e.branch2.0.conv,528,160,1,1,0,0.9866671949625015,0.007310622721857213,1.142840582371316
googlenet,implicit precomp gemm,442,inception4e.branch2.1.conv,160,320,3,1,1,1.050185602903366,0.011522886254203413,1.2164129223589601
googlenet,implicit precomp gemm,442,inception4e.branch3.0.conv,528,32,1,1,0,0.4497759997844696,0.004848075274473844,0.5209682334172057
googlenet,implicit precomp gemm,442,inception4e.branch3.1.conv,32,128,3,1,1,0.39508000016212463,0.006886731329004148,0.4576147456546398
googlenet,implicit precomp gemm,442,inception4e.branch4.1.conv,528,128,1,1,0,0.946968001127243,0.0050267192671695285,1.0968576511114163
googlenet,implicit precomp gemm,442,inception5a.branch1.conv,832,256,1,1,0,0.7850752025842667,0.008013641547450694,0.9093398526954988
googlenet,implicit precomp gemm,442,inception5a.branch2.0.conv,832,160,1,1,0,0.6924272000789642,0.008562709013974245,0.8020271765679386
googlenet,implicit precomp gemm,442,inception5a.branch2.1.conv,160,320,3,1,1,0.8919088035821915,0.007675355068351544,1.0330834770955513
googlenet,implicit precomp gemm,442,inception5a.branch3.0.conv,832,32,1,1,0,0.37081280201673505,0.006135747914599879,0.4295064442916345
googlenet,implicit precomp gemm,442,inception5a.branch3.1.conv,32,128,3,1,1,0.3369920000433922,0.005852930667921856,0.39033235882409334
googlenet,implicit precomp gemm,442,inception5a.branch4.1.conv,832,128,1,1,0,0.6924735993146897,0.005933148724248193,0.8020809200488701
googlenet,implicit precomp gemm,442,inception5b.branch1.conv,832,384,1,1,0,0.9552303969860076,0.007310329183878943,1.106427850002413
googlenet,implicit precomp gemm,442,inception5b.branch2.0.conv,832,192,1,1,0,0.7006527930498123,0.00606066796096189,0.8115547472717674
googlenet,implicit precomp gemm,442,inception5b.branch2.1.conv,192,384,3,1,1,1.040776002407074,0.12581286225072422,1.2055139349739863
googlenet,implicit precomp gemm,442,inception5b.branch3.0.conv,832,48,1,1,0,0.4745696008205414,0.03737737535231163,0.5496862586964623
googlenet,implicit precomp gemm,442,inception5b.branch3.1.conv,48,128,3,1,1,0.3289711996912956,0.010313099309229417,0.3810419960834709
googlenet,implicit precomp gemm,442,inception5b.branch4.1.conv,832,128,1,1,0,0.693161603808403,0.008260316207169077,0.8028778244765068
googlenet,implicit precomp gemm,445,conv1.conv,3,64,7,2,3,2.5523871898651125,0.04932478953389809,2.9429077629468803
googlenet,implicit precomp gemm,445,conv2.conv,64,64,1,1,0,1.380190408229828,0.006178771080127277,1.5913624244991764
googlenet,implicit precomp gemm,445,conv3.conv,64,192,3,1,1,2.9130928039550783,0.007673193919099749,3.358802089661465
googlenet,implicit precomp gemm,445,inception3a.branch1.conv,192,64,1,1,0,0.8348496049642563,0.006149207076742385,0.9625833388829564
googlenet,implicit precomp gemm,445,inception3a.branch2.0.conv,192,96,1,1,0,1.1648624062538147,0.008791782379169904,1.3430887883082112
googlenet,implicit precomp gemm,445,inception3a.branch2.1.conv,96,128,3,1,1,1.0074768036603927,0.010515608163166497,1.161622859671917
googlenet,implicit precomp gemm,445,inception3a.branch3.0.conv,192,16,1,1,0,0.6694431960582733,0.008701812206082982,0.7718694038093722
googlenet,implicit precomp gemm,445,inception3a.branch3.1.conv,16,32,3,1,1,0.28938719928264617,0.0044847069688382845,0.3336640454269646
googlenet,implicit precomp gemm,445,inception3a.branch4.1.conv,192,32,1,1,0,0.7696063995361329,0.013620790391057324,0.8873577867032695
googlenet,implicit precomp gemm,445,inception3b.branch1.conv,256,128,1,1,0,1.2433712005615234,0.009348813283415943,1.4336095921835692
googlenet,implicit precomp gemm,445,inception3b.branch2.0.conv,256,128,1,1,0,1.1886832118034363,0.011359937491532227,1.3705542268788122
googlenet,implicit precomp gemm,445,inception3b.branch2.1.conv,128,192,3,1,1,1.4617792010307311,0.015252376933568677,1.6854344730726265
googlenet,implicit precomp gemm,445,inception3b.branch3.0.conv,256,32,1,1,0,0.7565359950065613,0.005294984427533602,0.8722875829709882
googlenet,implicit precomp gemm,445,inception3b.branch3.1.conv,32,96,3,1,1,0.7138431996107102,0.009289608828487823,0.8230627006759972
googlenet,implicit precomp gemm,445,inception3b.branch4.1.conv,256,64,1,1,0,1.0560927987098694,0.01868241932286547,1.2176772035436447
googlenet,implicit precomp gemm,445,inception4a.branch1.conv,480,192,1,1,0,1.039262408018112,0.005891210397326392,1.1982717279101383
googlenet,implicit precomp gemm,445,inception4a.branch2.0.conv,480,96,1,1,0,0.7433647960424423,0.006922918883451486,0.8571011630450709
googlenet,implicit precomp gemm,445,inception4a.branch2.1.conv,96,208,3,1,1,0.7047615975141526,0.009465249435814196,0.8125915944833013
googlenet,implicit precomp gemm,445,inception4a.branch3.0.conv,480,16,1,1,0,0.4122560009360313,0.005179108912519698,0.47533203045898353
googlenet,implicit precomp gemm,445,inception4a.branch3.1.conv,16,48,3,1,1,0.22565599977970124,0.013853785268764606,0.26018183923823784
googlenet,implicit precomp gemm,445,inception4a.branch4.1.conv,480,64,1,1,0,0.7479056000709534,0.006848761260887235,0.8623367195776329
googlenet,implicit precomp gemm,445,inception4b.branch1.conv,512,160,1,1,0,0.9699103951454162,0.01052110901388818,1.118308712161797
googlenet,implicit precomp gemm,445,inception4b.branch2.0.conv,512,112,1,1,0,0.7576272040605545,0.0108350052289173,0.8735457492902465
googlenet,implicit precomp gemm,445,inception4b.branch2.1.conv,112,224,3,1,1,0.7576128005981445,0.007190353997340905,0.8735291420679927
googlenet,implicit precomp gemm,445,inception4b.branch3.0.conv,512,24,1,1,0,0.42639680206775665,0.00863119503441605,0.4916364037100661
googlenet,implicit precomp gemm,445,inception4b.branch3.1.conv,24,64,3,1,1,0.26219200193881986,0.0104019456467109,0.30230792606709256
googlenet,implicit precomp gemm,445,inception4b.branch4.1.conv,512,64,1,1,0,0.7573231965303421,0.011004845031947414,0.8731952279727093
googlenet,implicit precomp gemm,445,inception4c.branch1.conv,512,128,1,1,0,0.9355007946491242,0.013386066281433176,1.0786343708931472
googlenet,implicit precomp gemm,445,inception4c.branch2.0.conv,512,128,1,1,0,0.9212976038455963,0.010502064317658294,1.0622580622201174
googlenet,implicit precomp gemm,445,inception4c.branch2.1.conv,128,256,3,1,1,0.9131776064634323,0.006104394656388572,1.0528956882723224
googlenet,implicit precomp gemm,445,inception4c.branch3.0.conv,512,24,1,1,0,0.42855840027332304,0.0057686880452927514,0.49412873095759063
googlenet,implicit precomp gemm,445,inception4c.branch3.1.conv,24,64,3,1,1,0.24581280052661897,0.00905936287987416,0.2834226726156427
googlenet,implicit precomp gemm,445,inception4c.branch4.1.conv,512,64,1,1,0,0.7620031982660294,0.010044748657279954,0.8785912797524892
googlenet,implicit precomp gemm,445,inception4d.branch1.conv,512,112,1,1,0,0.7746079951524735,0.010691112433220558,0.8931246368993904
googlenet,implicit precomp gemm,445,inception4d.branch2.0.conv,512,144,1,1,0,0.9274800032377243,0.008564622994430999,1.0693863816369271
googlenet,implicit precomp gemm,445,inception4d.branch2.1.conv,144,288,3,1,1,0.9991711914539337,0.008265724766541934,1.1520464714438807
googlenet,implicit precomp gemm,445,inception4d.branch3.0.conv,512,32,1,1,0,0.4389712020754814,0.006417178240320858,0.5061347131922916
googlenet,implicit precomp gemm,445,inception4d.branch3.1.conv,32,64,3,1,1,0.36986239850521085,0.004722551705706013,0.4264521182778154
googlenet,implicit precomp gemm,445,inception4d.branch4.1.conv,512,64,1,1,0,0.7530624002218247,0.006739462046874356,0.8682825209263565
googlenet,implicit precomp gemm,445,inception4e.branch1.conv,528,256,1,1,0,0.9707167953252792,0.007474740774320263,1.119238493254095
googlenet,implicit precomp gemm,445,inception4e.branch2.0.conv,528,160,1,1,0,0.9736912041902542,0.010038717361367022,1.1226679928902281
googlenet,implicit precomp gemm,445,inception4e.branch2.1.conv,160,320,3,1,1,1.0948831856250762,0.008572445748828041,1.2624026007066464
googlenet,implicit precomp gemm,445,inception4e.branch3.0.conv,528,32,1,1,0,0.4531087979674339,0.007939661696578648,0.5224353907952191
googlenet,implicit precomp gemm,445,inception4e.branch3.1.conv,32,128,3,1,1,0.3936912015080452,0.00881779077423259,0.4539267779286809
googlenet,implicit precomp gemm,445,inception4e.branch4.1.conv,528,128,1,1,0,0.9573120057582856,0.006120726129450479,1.1037827428749922
googlenet,implicit precomp gemm,445,inception5a.branch1.conv,832,256,1,1,0,0.7834847897291184,0.006533605055667235,0.9033595995936959
googlenet,implicit precomp gemm,445,inception5a.branch2.0.conv,832,160,1,1,0,0.6951696008443833,0.008699543143535536,0.8015320022812591
googlenet,implicit precomp gemm,445,inception5a.branch2.1.conv,160,320,3,1,1,0.8912559956312179,0.007302850248946868,1.0276200251791248
googlenet,implicit precomp gemm,445,inception5a.branch3.0.conv,832,32,1,1,0,0.37299360036849977,0.006128633768175033,0.4300624005686122
googlenet,implicit precomp gemm,445,inception5a.branch3.1.conv,32,128,3,1,1,0.3379631996154785,0.00775424137150061,0.38967227530683535
googlenet,implicit precomp gemm,445,inception5a.branch4.1.conv,832,128,1,1,0,0.6951551973819733,0.004811062352772178,0.8015153950590054
googlenet,implicit precomp gemm,445,inception5b.branch1.conv,832,384,1,1,0,0.9527823954820633,0.007330628328029742,1.098560092762208
googlenet,implicit precomp gemm,445,inception5b.branch2.0.conv,832,192,1,1,0,0.7068655908107757,0.008274355488272008,0.8150175031504528
googlenet,implicit precomp gemm,445,inception5b.branch2.1.conv,192,384,3,1,1,0.9938271999359131,0.005591284858353424,1.145884838057711
googlenet,implicit precomp gemm,445,inception5b.branch3.0.conv,832,48,1,1,0,0.4709024026989937,0.009702015520146549,0.5429514542291853
googlenet,implicit precomp gemm,445,inception5b.branch3.1.conv,48,128,3,1,1,0.32665760070085526,0.00643115458503448,0.37663689613602586
googlenet,implicit precomp gemm,445,inception5b.branch4.1.conv,832,128,1,1,0,0.6955999970436096,0.0057945186750580175,0.8020282499982495
googlenet,implicit precomp gemm,448,conv1.conv,3,64,7,2,3,2.720412790775299,0.04432999933822107,3.060766567696687
googlenet,implicit precomp gemm,448,conv2.conv,64,64,1,1,0,1.4114767909049988,0.017442688325147837,1.5880681738195326
googlenet,implicit precomp gemm,448,conv3.conv,64,192,3,1,1,2.704414403438568,0.01851708837394946,3.0427666048736284
googlenet,implicit precomp gemm,448,inception3a.branch1.conv,192,64,1,1,0,1.0358575999736785,0.010507163836796988,1.1654548609846773
googlenet,implicit precomp gemm,448,inception3a.branch2.0.conv,192,96,1,1,0,1.1638752162456512,0.011809410832537117,1.3094888992343678
googlenet,implicit precomp gemm,448,inception3a.branch2.1.conv,96,128,3,1,1,1.0242671966552734,0.010656733683750582,1.1524143698123854
googlenet,implicit precomp gemm,448,inception3a.branch3.0.conv,192,16,1,1,0,0.6752943933010102,0.008835120923174782,0.7597812028297705
googlenet,implicit precomp gemm,448,inception3a.branch3.1.conv,16,32,3,1,1,0.28662720024585725,0.006275526492756538,0.32248743825932363
googlenet,implicit precomp gemm,448,inception3a.branch4.1.conv,192,32,1,1,0,0.7593600004911423,0.021021955428692153,0.8543643487601161
googlenet,implicit precomp gemm,448,inception3b.branch1.conv,256,128,1,1,0,1.2461391985416412,0.034321989169681266,1.4020450170378722
googlenet,implicit precomp gemm,448,inception3b.branch2.0.conv,256,128,1,1,0,1.2293744027614593,0.01080433000244827,1.3831827595847965
googlenet,implicit precomp gemm,448,inception3b.branch2.1.conv,128,192,3,1,1,1.394344013929367,0.008207542790919566,1.5687918966469525
googlenet,implicit precomp gemm,448,inception3b.branch3.0.conv,256,32,1,1,0,0.757366394996643,0.008056734484315315,0.8521213211330475
googlenet,implicit precomp gemm,448,inception3b.branch3.1.conv,32,96,3,1,1,0.7102656036615371,0.0076858301637237215,0.7991276990182712
googlenet,implicit precomp gemm,448,inception3b.branch4.1.conv,256,64,1,1,0,1.102078413963318,0.016599578359297543,1.2399606324001193
googlenet,implicit precomp gemm,448,inception4a.branch1.conv,480,192,1,1,0,1.0109407961368562,0.014987685329804063,1.1374206889589429
googlenet,implicit precomp gemm,448,inception4a.branch2.0.conv,480,96,1,1,0,0.7453663975000382,0.011261214898526604,0.8386199910133693
googlenet,implicit precomp gemm,448,inception4a.branch2.1.conv,96,208,3,1,1,0.7170959949493408,0.017582925462567654,0.8068126479234108
googlenet,implicit precomp gemm,448,inception4a.branch3.0.conv,480,16,1,1,0,0.42430720329284666,0.0072941297991717695,0.4773927349097284
googlenet,implicit precomp gemm,448,inception4a.branch3.1.conv,16,48,3,1,1,0.22557120025157928,0.006216711270912462,0.2537926562859908
googlenet,implicit precomp gemm,448,inception4a.branch4.1.conv,480,64,1,1,0,0.7576976001262665,0.006218065906477011,0.852493963693485
googlenet,implicit precomp gemm,448,inception4b.branch1.conv,512,160,1,1,0,0.9808303982019424,0.006981034646573197,1.1035431466786914
googlenet,implicit precomp gemm,448,inception4b.branch2.0.conv,512,112,1,1,0,0.9097920000553131,0.008273824560157059,1.0236170579589121
googlenet,implicit precomp gemm,448,inception4b.branch2.1.conv,112,224,3,1,1,0.769404798746109,0.008737998554184665,0.8656658625532849
googlenet,implicit precomp gemm,448,inception4b.branch3.0.conv,512,24,1,1,0,0.4331008017063141,0.00821316851678788,0.4872865099004058
googlenet,implicit precomp gemm,448,inception4b.branch3.1.conv,24,64,3,1,1,0.25840640217065813,0.006870883022084447,0.29073590571426766
googlenet,implicit precomp gemm,448,inception4b.branch4.1.conv,512,64,1,1,0,0.7676768064498901,0.01515395048584088,0.8637216792780708
googlenet,implicit precomp gemm,448,inception4c.branch1.conv,512,128,1,1,0,0.9375663965940475,0.009083066526532695,1.054866339190045
googlenet,implicit precomp gemm,448,inception4c.branch2.0.conv,512,128,1,1,0,0.9227536052465439,0.007966745773688066,1.0382003035485259
googlenet,implicit precomp gemm,448,inception4c.branch2.1.conv,128,256,3,1,1,0.9548720002174378,0.029475712208173438,1.074337065538596
googlenet,implicit precomp gemm,448,inception4c.branch3.0.conv,512,24,1,1,0,0.43723679780960084,0.00992890042748387,0.4919399649348736
googlenet,implicit precomp gemm,448,inception4c.branch3.1.conv,24,64,3,1,1,0.2363920010626316,0.004063065189600236,0.2659672591515857
googlenet,implicit precomp gemm,448,inception4c.branch4.1.conv,512,64,1,1,0,0.770828801393509,0.011370341210576035,0.8672680237070086
googlenet,implicit precomp gemm,448,inception4d.branch1.conv,512,112,1,1,0,0.9324015974998474,0.009679409660959419,1.0490553665133975
googlenet,implicit precomp gemm,448,inception4d.branch2.0.conv,512,144,1,1,0,0.9355103999376297,0.01121606948338825,1.0525531145755311
googlenet,implicit precomp gemm,448,inception4d.branch2.1.conv,144,288,3,1,1,1.0097424030303954,0.022387215667024007,1.1360723635990377
googlenet,implicit precomp gemm,448,inception4d.branch3.0.conv,512,32,1,1,0,0.4423424020409584,0.009515218595418944,0.49768433681557495
googlenet,implicit precomp gemm,448,inception4d.branch3.1.conv,32,64,3,1,1,0.375518399477005,0.007740397565300643,0.4224999112530353
googlenet,implicit precomp gemm,448,inception4d.branch4.1.conv,512,64,1,1,0,0.7604240119457245,0.010406026942647138,0.8555614798348099
googlenet,implicit precomp gemm,448,inception4e.branch1.conv,528,256,1,1,0,1.078361600637436,0.012153772324509737,1.2132765829917664
googlenet,implicit precomp gemm,448,inception4e.branch2.0.conv,528,160,1,1,0,0.9997887939214707,0.0089063509720522,1.124873447724276
googlenet,implicit precomp gemm,448,inception4e.branch2.1.conv,160,320,3,1,1,1.0587839901447296,0.008267824239560675,1.191249596545204
googlenet,implicit precomp gemm,448,inception4e.branch3.0.conv,528,32,1,1,0,0.45575360059738157,0.006451221452297321,0.5127734248809723
googlenet,implicit precomp gemm,448,inception4e.branch3.1.conv,32,128,3,1,1,0.397510401904583,0.007960893079668283,0.4472433568122115
googlenet,implicit precomp gemm,448,inception4e.branch4.1.conv,528,128,1,1,0,0.9629711985588074,0.008892100603375325,1.083449563315576
googlenet,implicit precomp gemm,448,inception5a.branch1.conv,832,256,1,1,0,0.7683968007564544,0.009249175033981882,0.8645317528484997
googlenet,implicit precomp gemm,448,inception5a.branch2.0.conv,832,160,1,1,0,0.6841184079647065,0.007945410922224111,0.7697091994805324
googlenet,implicit precomp gemm,448,inception5a.branch2.1.conv,160,320,3,1,1,0.8901616007089614,0.006770688991315196,1.0015306781883166
googlenet,implicit precomp gemm,448,inception5a.branch3.0.conv,832,32,1,1,0,0.37313119769096376,0.007162710027647266,0.4198140440780841
googlenet,implicit precomp gemm,448,inception5a.branch3.1.conv,32,128,3,1,1,0.33598719984292985,0.005853779218339999,0.37802292061719955
googlenet,implicit precomp gemm,448,inception5a.branch4.1.conv,832,128,1,1,0,0.6926863998174667,0.006152266149888785,0.7793491420304836
googlenet,implicit precomp gemm,448,inception5b.branch1.conv,832,384,1,1,0,0.9590959995985031,0.006588237841821516,1.0790895340357949
googlenet,implicit precomp gemm,448,inception5b.branch2.0.conv,832,192,1,1,0,0.702716800570488,0.009811181985953588,0.7906344570347178
googlenet,implicit precomp gemm,448,inception5b.branch2.1.conv,192,384,3,1,1,1.0035983890295028,0.007407281695822366,1.129159665383105
googlenet,implicit precomp gemm,448,inception5b.branch3.0.conv,832,48,1,1,0,0.4685599982738495,0.00894957131473002,0.5271820447763341
googlenet,implicit precomp gemm,448,inception5b.branch3.1.conv,48,128,3,1,1,0.32821920067071914,0.0070370703612525785,0.36928305869447203
googlenet,implicit precomp gemm,448,inception5b.branch4.1.conv,832,128,1,1,0,0.6966720014810562,0.005714807048400044,0.7838333866147749
googlenet,implicit precomp gemm,450,conv1.conv,3,64,7,2,3,2.589888000488281,0.03992969149215766,2.8417388158192414
googlenet,implicit precomp gemm,450,conv2.conv,64,64,1,1,0,1.4251903891563416,0.01241245345756381,1.5637814639222007
googlenet,implicit precomp gemm,450,conv3.conv,64,192,3,1,1,2.6465872049331667,0.015463845369783678,2.903951672153849
googlenet,implicit precomp gemm,450,inception3a.branch1.conv,192,64,1,1,0,1.037070393562317,0.01347064955978267,1.137919165449374
googlenet,implicit precomp gemm,450,inception3a.branch2.0.conv,192,96,1,1,0,1.1661440134048462,0.009755117403049043,1.2795444077516123
googlenet,implicit precomp gemm,450,inception3a.branch2.1.conv,96,128,3,1,1,1.0692464113235474,0.014680755155864634,1.173224104733752
googlenet,implicit precomp gemm,450,inception3a.branch3.0.conv,192,16,1,1,0,0.6753103971481323,0.006066569938636773,0.7409802153376318
googlenet,implicit precomp gemm,450,inception3a.branch3.1.conv,16,32,3,1,1,0.2908319965004921,0.00951660510241427,0.3191136347138706
googlenet,implicit precomp gemm,450,inception3a.branch4.1.conv,192,32,1,1,0,0.7646911948919296,0.015798427049955453,0.8390527506324208
googlenet,implicit precomp gemm,450,inception3b.branch1.conv,256,128,1,1,0,1.2669871985912322,0.01161811309485696,1.3901939777720043
googlenet,implicit precomp gemm,450,inception3b.branch2.0.conv,256,128,1,1,0,1.2288176119327545,0.017303733069061324,1.3483126315629317
googlenet,implicit precomp gemm,450,inception3b.branch2.1.conv,128,192,3,1,1,1.4017679929733275,0.00758043636219016,1.5380813825363577
googlenet,implicit precomp gemm,450,inception3b.branch3.0.conv,256,32,1,1,0,0.7589296013116836,0.00563266635843552,0.832730877209758
googlenet,implicit precomp gemm,450,inception3b.branch3.1.conv,32,96,3,1,1,0.712703999876976,0.00844168764300091,0.7820101179117374
googlenet,implicit precomp gemm,450,inception3b.branch4.1.conv,256,64,1,1,0,1.089548796415329,0.009299056022931457,1.1955007729750615
googlenet,implicit precomp gemm,450,inception4a.branch1.conv,480,192,1,1,0,1.0030672013759614,0.0069913620924805285,1.1006093701688404
googlenet,implicit precomp gemm,450,inception4a.branch2.0.conv,480,96,1,1,0,0.7434896051883697,0.009445606911422943,0.8157894356140413
googlenet,implicit precomp gemm,450,inception4a.branch2.1.conv,96,208,3,1,1,0.7116239905357361,0.012245535756414749,0.7808250842477835
googlenet,implicit precomp gemm,450,inception4a.branch3.0.conv,480,16,1,1,0,0.42378720492124555,0.0069197573777669795,0.46499792641426835
googlenet,implicit precomp gemm,450,inception4a.branch3.1.conv,16,48,3,1,1,0.22491359785199166,0.003681856729234138,0.24678507375649578
googlenet,implicit precomp gemm,450,inception4a.branch4.1.conv,480,64,1,1,0,0.7604479998350143,0.005955588071924644,0.8343969307305351
googlenet,implicit precomp gemm,450,inception4b.branch1.conv,512,160,1,1,0,0.9688767999410629,0.008355057613185128,1.0630941606819149
googlenet,implicit precomp gemm,450,inception4b.branch2.0.conv,512,112,1,1,0,0.9239711999893189,0.007953708371300805,1.0138217649619212
googlenet,implicit precomp gemm,450,inception4b.branch2.1.conv,112,224,3,1,1,0.7703295975923539,0.0043923107783633225,0.845239453613397
googlenet,implicit precomp gemm,450,inception4b.branch3.0.conv,512,24,1,1,0,0.4353919982910156,0.008645871377524601,0.4777312151751028
googlenet,implicit precomp gemm,450,inception4b.branch3.1.conv,24,64,3,1,1,0.2575519993901253,0.00530221107497758,0.2825973608205396
googlenet,implicit precomp gemm,450,inception4b.branch4.1.conv,512,64,1,1,0,0.7629728019237518,0.012681649865099261,0.837167254426569
googlenet,implicit precomp gemm,450,inception4c.branch1.conv,512,128,1,1,0,0.9573760032653809,0.0113157938551831,1.0504749816595136
googlenet,implicit precomp gemm,450,inception4c.branch2.0.conv,512,128,1,1,0,0.9213071972131729,0.004956833195356442,1.0108987041604516
googlenet,implicit precomp gemm,450,inception4c.branch2.1.conv,128,256,3,1,1,0.9791632026433945,0.008293606051181505,1.0743808533222348
googlenet,implicit precomp gemm,450,inception4c.branch3.0.conv,512,24,1,1,0,0.43538080155849457,0.009165841921469194,0.47771892962862
googlenet,implicit precomp gemm,450,inception4c.branch3.1.conv,24,64,3,1,1,0.25591680109500886,0.00969692714276843,0.2808031494623968
googlenet,implicit precomp gemm,450,inception4c.branch4.1.conv,512,64,1,1,0,0.7626960009336472,0.011549919612499251,0.8368635362280642
googlenet,implicit precomp gemm,450,inception4d.branch1.conv,512,112,1,1,0,0.9445919960737228,0.007155277455761129,1.036447807723267
googlenet,implicit precomp gemm,450,inception4d.branch2.0.conv,512,144,1,1,0,0.9320415943861008,0.009979848003366518,1.0226769560018354
googlenet,implicit precomp gemm,450,inception4d.branch2.1.conv,144,288,3,1,1,1.0280704021453857,0.006204812305199688,1.1280439797476327
googlenet,implicit precomp gemm,450,inception4d.branch3.0.conv,512,32,1,1,0,0.44266399890184405,0.00734517184134759,0.48571037350185525
googlenet,implicit precomp gemm,450,inception4d.branch3.1.conv,32,64,3,1,1,0.3738480001688004,0.007420977595878121,0.41020243852081023
googlenet,implicit precomp gemm,450,inception4d.branch4.1.conv,512,64,1,1,0,0.7587727963924408,0.007902190268706663,0.8325588239682898
googlenet,implicit precomp gemm,450,inception4e.branch1.conv,528,256,1,1,0,1.0859568059444427,0.0089169343598408,1.1915594833342562
googlenet,implicit precomp gemm,450,inception4e.branch2.0.conv,528,160,1,1,0,0.9793264001607895,0.009735362239827704,1.0745599208030445
googlenet,implicit precomp gemm,450,inception4e.branch2.1.conv,160,320,3,1,1,1.0598208010196686,0.008784663430014479,1.1628819113036624
googlenet,implicit precomp gemm,450,inception4e.branch3.0.conv,528,32,1,1,0,0.4631520017981529,0.011996227650575895,0.5081907097473151
googlenet,implicit precomp gemm,450,inception4e.branch3.1.conv,32,128,3,1,1,0.3977024033665657,0.013148743376296953,0.43637653696928064
googlenet,implicit precomp gemm,450,inception4e.branch4.1.conv,528,128,1,1,0,0.969345611333847,0.02324220080242391,1.0636085611239114
googlenet,implicit precomp gemm,450,inception5a.branch1.conv,832,256,1,1,0,0.7629055976867676,0.023555515239658948,0.8370935149873385
googlenet,implicit precomp gemm,450,inception5a.branch2.0.conv,832,160,1,1,0,0.6896751940250396,0.018871136537338608,0.7567419011166193
googlenet,implicit precomp gemm,450,inception5a.branch2.1.conv,160,320,3,1,1,0.8958575993776321,0.020628375256877406,0.9829742881229198
googlenet,implicit precomp gemm,450,inception5a.branch3.0.conv,832,32,1,1,0,0.3724383980035782,0.013074847022055055,0.40865576114054536
googlenet,implicit precomp gemm,450,inception5a.branch3.1.conv,32,128,3,1,1,0.33849760293960574,0.01340855753489192,0.37141443072205915
googlenet,implicit precomp gemm,450,inception5a.branch4.1.conv,832,128,1,1,0,0.6999792009592056,0.01869027433690502,0.7680479098929716
googlenet,implicit precomp gemm,450,inception5b.branch1.conv,832,384,1,1,0,0.9545407980680466,0.011508149891037824,1.0473640700453595
googlenet,implicit precomp gemm,450,inception5b.branch2.0.conv,832,192,1,1,0,0.7007568001747131,0.014699526610530455,0.7689011258905134
googlenet,implicit precomp gemm,450,inception5b.branch2.1.conv,192,384,3,1,1,0.9998064130544663,0.01053441400095415,1.0970314900668379
googlenet,implicit precomp gemm,450,inception5b.branch3.0.conv,832,48,1,1,0,0.4731391966342926,0.007928485342796526,0.5191490983809767
googlenet,implicit precomp gemm,450,inception5b.branch3.1.conv,48,128,3,1,1,0.3272896036505699,0.010122195008109848,0.3591165218467245
googlenet,implicit precomp gemm,450,inception5b.branch4.1.conv,832,128,1,1,0,0.6996608018875122,0.014183156963233357,0.7676985484531018
googlenet,implicit precomp gemm,453,conv1.conv,3,64,7,2,3,2.2558623790740966,0.06117209419763687,2.5443111990485967
googlenet,implicit precomp gemm,453,conv2.conv,64,64,1,1,0,1.4473648011684417,0.007286517057972691,1.6324340114369424
googlenet,implicit precomp gemm,453,conv3.conv,64,192,3,1,1,2.5113183856010437,0.03233014555679104,2.8324314249541835
googlenet,implicit precomp gemm,453,inception3a.branch1.conv,192,64,1,1,0,1.0008127987384796,0.006287309631268795,1.1287830479386898
googlenet,implicit precomp gemm,453,inception3a.branch2.0.conv,192,96,1,1,0,1.1151584088802338,0.006451412084737107,1.2577496104136225
googlenet,implicit precomp gemm,453,inception3a.branch2.1.conv,96,128,3,1,1,1.0249391973018647,0.011560475353512265,1.1559944002919862
googlenet,implicit precomp gemm,453,inception3a.branch3.0.conv,192,16,1,1,0,0.6753343969583512,0.007245049249082208,0.7616869208081354
googlenet,implicit precomp gemm,453,inception3a.branch3.1.conv,16,32,3,1,1,0.28834720253944396,0.007026214754690146,0.3252170981000006
googlenet,implicit precomp gemm,453,inception3a.branch4.1.conv,192,32,1,1,0,0.7746880054473877,0.015565431191658912,0.8737445095553267
googlenet,implicit precomp gemm,453,inception3b.branch1.conv,256,128,1,1,0,1.2035839974880218,0.016486427389059664,1.3574818535966493
googlenet,implicit precomp gemm,453,inception3b.branch2.0.conv,256,128,1,1,0,1.2059056103229522,0.031337532400829114,1.3601003225203576
googlenet,implicit precomp gemm,453,inception3b.branch2.1.conv,128,192,3,1,1,1.3924895882606507,0.009544455906619797,1.5705421070164365
googlenet,implicit precomp gemm,453,inception3b.branch3.0.conv,256,32,1,1,0,0.7488336086273193,0.009633520398605436,0.8445842061679603
googlenet,implicit precomp gemm,453,inception3b.branch3.1.conv,32,96,3,1,1,0.706851202249527,0.009172913692546494,0.7972336639979773
googlenet,implicit precomp gemm,453,inception3b.branch4.1.conv,256,64,1,1,0,1.0716832041740418,0.014726235270390065,1.2087153912870572
googlenet,implicit precomp gemm,453,inception4a.branch1.conv,480,192,1,1,0,0.9952431946992875,0.009246683598534809,1.1225012791292825
googlenet,implicit precomp gemm,453,inception4a.branch2.0.conv,480,96,1,1,0,0.7418911993503571,0.008090326606305886,0.8367540965674785
googlenet,implicit precomp gemm,453,inception4a.branch2.1.conv,96,208,3,1,1,0.7218416005373001,0.017725407817727242,0.8141408293443999
googlenet,implicit precomp gemm,453,inception4a.branch3.0.conv,480,16,1,1,0,0.42067520022392274,0.006282813715910754,0.47446538983067155
googlenet,implicit precomp gemm,453,inception4a.branch3.1.conv,16,48,3,1,1,0.22535359859466553,0.006792869751325402,0.25416873385939676
googlenet,implicit precomp gemm,453,inception4a.branch4.1.conv,480,64,1,1,0,0.7584512025117874,0.003711634701389281,0.8554315663860057
googlenet,implicit precomp gemm,453,inception4b.branch1.conv,512,160,1,1,0,0.9823584079742431,0.011332742177562905,1.1079689621466577
googlenet,implicit precomp gemm,453,inception4b.branch2.0.conv,512,112,1,1,0,0.9173007994890213,0.02032150542217781,1.0345926767013514
googlenet,implicit precomp gemm,453,inception4b.branch2.1.conv,112,224,3,1,1,0.7316143959760666,0.013689482818234355,0.8251632361682906
googlenet,implicit precomp gemm,453,inception4b.branch3.0.conv,512,24,1,1,0,0.4335600003600121,0.008217441995920881,0.4889977219391623
googlenet,implicit precomp gemm,453,inception4b.branch3.1.conv,24,64,3,1,1,0.2528687998652458,0.00922013856530357,0.2852022026499652
googlenet,implicit precomp gemm,453,inception4b.branch4.1.conv,512,64,1,1,0,0.7706752002239228,0.01670552615950804,0.8692186016965977
googlenet,implicit precomp gemm,453,inception4c.branch1.conv,512,128,1,1,0,0.9491376042366028,0.01202022169232764,1.070500336500369
googlenet,implicit precomp gemm,453,inception4c.branch2.0.conv,512,128,1,1,0,0.9239744007587433,0.011159616897093987,1.0421196068040235
googlenet,implicit precomp gemm,453,inception4c.branch2.1.conv,128,256,3,1,1,0.9505311995744705,0.03449489703417671,1.0720721257451251
googlenet,implicit precomp gemm,453,inception4c.branch3.0.conv,512,24,1,1,0,0.43376320153474807,0.008402789656254883,0.4892269057002537
googlenet,implicit precomp gemm,453,inception4c.branch3.1.conv,24,64,3,1,1,0.2564703993499279,0.005356384807665204,0.28926432540548785
googlenet,implicit precomp gemm,453,inception4c.branch4.1.conv,512,64,1,1,0,0.7634799987077713,0.013815606601822175,0.8611033762436736
googlenet,implicit precomp gemm,453,inception4d.branch1.conv,512,112,1,1,0,0.9422879993915558,0.011636877225446126,1.0627748978929554
googlenet,implicit precomp gemm,453,inception4d.branch2.0.conv,512,144,1,1,0,0.9336911976337433,0.007430598105727346,1.0530788547338952
googlenet,implicit precomp gemm,453,inception4d.branch2.1.conv,144,288,3,1,1,1.0178976029157638,0.02138838056463714,1.1480524231474993
googlenet,implicit precomp gemm,453,inception4d.branch3.0.conv,512,32,1,1,0,0.4442959979176521,0.007069345130846808,0.5011064919919141
googlenet,implicit precomp gemm,453,inception4d.branch3.1.conv,32,64,3,1,1,0.3715967983007431,0.0085829285244499,0.4191115132808944
googlenet,implicit precomp gemm,453,inception4d.branch4.1.conv,512,64,1,1,0,0.7603599965572357,0.007571191421969719,0.8575844309009522
googlenet,implicit precomp gemm,453,inception4e.branch1.conv,528,256,1,1,0,1.0777648031711577,0.007896387301309914,1.2155746219653203
googlenet,implicit precomp gemm,453,inception4e.branch2.0.conv,528,160,1,1,0,0.9924559950828552,0.012014104818958427,1.1193576905558593
googlenet,implicit precomp gemm,453,inception4e.branch2.1.conv,160,320,3,1,1,1.0542624056339265,0.013329331398677764,1.1890670593528294
googlenet,implicit precomp gemm,453,inception4e.branch3.0.conv,528,32,1,1,0,0.45411520153284074,0.00794106475987589,0.5121812410349462
googlenet,implicit precomp gemm,453,inception4e.branch3.1.conv,32,128,3,1,1,0.3926928028464317,0.005175657143823319,0.44290498628646224
googlenet,implicit precomp gemm,453,inception4e.branch4.1.conv,528,128,1,1,0,0.9651823937892914,0.006757283944529591,1.088596714242188
googlenet,implicit precomp gemm,453,inception5a.branch1.conv,832,256,1,1,0,0.7697519958019257,0.00637989363388081,0.8681773505229057
googlenet,implicit precomp gemm,453,inception5a.branch2.0.conv,832,160,1,1,0,0.6860688000917434,0.006731985460434032,0.773793892563479
googlenet,implicit precomp gemm,453,inception5a.branch2.1.conv,160,320,3,1,1,0.8922207951545715,0.008401894313456297,1.0063057845166787
googlenet,implicit precomp gemm,453,inception5a.branch3.0.conv,832,32,1,1,0,0.37334080040454865,0.00586803480917086,0.42107851451511774
googlenet,implicit precomp gemm,453,inception5a.branch3.1.conv,32,128,3,1,1,0.33840160071849823,0.008371387664469982,0.38167176795485097
googlenet,implicit precomp gemm,453,inception5a.branch4.1.conv,832,128,1,1,0,0.6965968012809753,0.012080378441901476,0.7856680705177007
googlenet,implicit precomp gemm,453,inception5b.branch1.conv,832,384,1,1,0,0.9530160009860993,0.0089380543948989,1.074874649568238
googlenet,implicit precomp gemm,453,inception5b.branch2.0.conv,832,192,1,1,0,0.700425598025322,0.008443237160954383,0.7899864414103083
googlenet,implicit precomp gemm,453,inception5b.branch2.1.conv,192,384,3,1,1,0.9946704000234604,0.009532507573124302,1.1218552433063613
googlenet,implicit precomp gemm,453,inception5b.branch3.0.conv,832,48,1,1,0,0.46950559616088866,0.0064283953612544,0.5295395487815349
googlenet,implicit precomp gemm,453,inception5b.branch3.1.conv,48,128,3,1,1,0.33057279884815216,0.009193574503785626,0.37284192600233357
googlenet,implicit precomp gemm,453,inception5b.branch4.1.conv,832,128,1,1,0,0.6905808031558991,0.005454629610790624,0.7788828288535485
googlenet,implicit precomp gemm,456,conv1.conv,3,64,7,2,3,2.3529375910758974,0.04409503079414778,2.669745915464964
googlenet,implicit precomp gemm,456,conv2.conv,64,64,1,1,0,1.5042352080345154,0.0247236615514426,1.70677106684858
googlenet,implicit precomp gemm,456,conv3.conv,64,192,3,1,1,2.2758911848068237,0.024146233398747153,2.5823256926684643
googlenet,implicit precomp gemm,456,inception3a.branch1.conv,192,64,1,1,0,1.0316544055938721,0.0144423980501478,1.1705602162810755
googlenet,implicit precomp gemm,456,inception3a.branch2.0.conv,192,96,1,1,0,1.1604144036769868,0.016969203021100207,1.3166569424592174
googlenet,implicit precomp gemm,456,inception3a.branch2.1.conv,96,128,3,1,1,1.0358144044876099,0.012142241136745202,1.1752803329968857
googlenet,implicit precomp gemm,456,inception3a.branch3.0.conv,192,16,1,1,0,0.6853040039539338,0.010866720728386445,0.7775759001628294
googlenet,implicit precomp gemm,456,inception3a.branch3.1.conv,16,32,3,1,1,0.2945951983332634,0.006519038766276624,0.3342605985168484
googlenet,implicit precomp gemm,456,inception3a.branch4.1.conv,192,32,1,1,0,0.7793600022792816,0.011518308668918733,0.8842959501575499
googlenet,implicit precomp gemm,456,inception3b.branch1.conv,256,128,1,1,0,1.2917648136615754,0.016688029929110434,1.4656928632932487
googlenet,implicit precomp gemm,456,inception3b.branch2.0.conv,256,128,1,1,0,1.1849679887294768,0.01703289766012715,1.344516514108091
googlenet,implicit precomp gemm,456,inception3b.branch2.1.conv,128,192,3,1,1,1.4757824122905732,0.029807557185651083,1.6744872801858772
googlenet,implicit precomp gemm,456,inception3b.branch3.0.conv,256,32,1,1,0,0.7754975944757462,0.011636289665057635,0.8799134933102206
googlenet,implicit precomp gemm,456,inception3b.branch3.1.conv,32,96,3,1,1,0.7377039909362793,0.013237634687053697,0.8370312175274376
googlenet,implicit precomp gemm,456,inception3b.branch4.1.conv,256,64,1,1,0,1.0910399973392486,0.018650678158456915,1.2379417063813691
googlenet,implicit precomp gemm,456,inception4a.branch1.conv,480,192,1,1,0,1.238412806391716,1.0016313774985341,1.405157342066171
googlenet,implicit precomp gemm,456,inception4a.branch2.0.conv,480,96,1,1,0,0.7494304001331329,0.00620203790617914,0.85033651435091
googlenet,implicit precomp gemm,456,inception4a.branch2.1.conv,96,208,3,1,1,0.7464831978082657,0.00963257497986625,0.8469924896735426
googlenet,implicit precomp gemm,456,inception4a.branch3.0.conv,480,16,1,1,0,0.4265455976128578,0.008698597467713787,0.4839772934503458
googlenet,implicit precomp gemm,456,inception4a.branch3.1.conv,16,48,3,1,1,0.22386559918522836,0.004878837983234441,0.2540077013961913
googlenet,implicit precomp gemm,456,inception4a.branch4.1.conv,480,64,1,1,0,0.935920000076294,0.7597134506457578,1.0619357720674267
googlenet,implicit precomp gemm,456,inception4b.branch1.conv,512,160,1,1,0,0.9981072038412094,0.12894656924403536,1.1324960937161006
googlenet,implicit precomp gemm,456,inception4b.branch2.0.conv,512,112,1,1,0,0.9118959933519364,0.007399973940384472,1.0346770831550156
googlenet,implicit precomp gemm,456,inception4b.branch2.1.conv,112,224,3,1,1,0.773489597439766,0.008609363029638611,0.8776351320373139
googlenet,implicit precomp gemm,456,inception4b.branch3.0.conv,512,24,1,1,0,0.43384320139884947,0.008554637003504797,0.49225747392526614
googlenet,implicit precomp gemm,456,inception4b.branch3.1.conv,24,64,3,1,1,0.2568416029214859,0.004614750483919173,0.2914237177058186
googlenet,implicit precomp gemm,456,inception4b.branch4.1.conv,512,64,1,1,0,0.8402223974466324,0.34102893050457855,0.9533530860202785
googlenet,implicit precomp gemm,456,inception4c.branch1.conv,512,128,1,1,0,0.9447695970535278,0.0074282990821151135,1.0719769119060225
googlenet,implicit precomp gemm,456,inception4c.branch2.0.conv,512,128,1,1,0,0.9299616038799285,0.011790657442497342,1.0551751151047002
googlenet,implicit precomp gemm,456,inception4c.branch2.1.conv,128,256,3,1,1,0.9826127916574479,0.012985599214660264,1.1149154558797976
googlenet,implicit precomp gemm,456,inception4c.branch3.0.conv,512,24,1,1,0,0.43761600106954573,0.00843054907101467,0.49653825746534436
googlenet,implicit precomp gemm,456,inception4c.branch3.1.conv,24,64,3,1,1,0.25698879957199094,0.006653629088013911,0.29159073346430975
googlenet,implicit precomp gemm,456,inception4c.branch4.1.conv,512,64,1,1,0,0.7740448027849197,0.05147814827379869,0.8782650923082919
googlenet,implicit precomp gemm,456,inception4d.branch1.conv,512,112,1,1,0,1.1275424003601073,0.7575295739143791,1.2793589295747105
googlenet,implicit precomp gemm,456,inception4d.branch2.0.conv,512,144,1,1,0,0.9388000011444092,0.013238315604471083,1.0652035472592964
googlenet,implicit precomp gemm,456,inception4d.branch2.1.conv,144,288,3,1,1,1.0326000154018402,0.012491207671808563,1.1716331465330387
googlenet,implicit precomp gemm,456,inception4d.branch3.0.conv,512,32,1,1,0,0.44566719979047775,0.008947242665136862,0.5056734997179773
googlenet,implicit precomp gemm,456,inception4d.branch3.1.conv,32,64,3,1,1,0.3732511967420578,0.012050502305457612,0.4235071349635195
googlenet,implicit precomp gemm,456,inception4d.branch4.1.conv,512,64,1,1,0,0.7611888021230697,0.006813156705538818,0.8636781115968762
googlenet,implicit precomp gemm,456,inception4e.branch1.conv,528,256,1,1,0,1.0840880036354066,0.008716265291982965,1.2300536702236893
googlenet,implicit precomp gemm,456,inception4e.branch2.0.conv,528,160,1,1,0,0.9937231928110123,0.00766478128509395,1.127521803031293
googlenet,implicit precomp gemm,456,inception4e.branch2.1.conv,160,320,3,1,1,1.0624399840831757,0.009566988600102999,1.2054908802896618
googlenet,implicit precomp gemm,456,inception4e.branch3.0.conv,528,32,1,1,0,0.45473600178956985,0.00736403265460033,0.515963359163066
googlenet,implicit precomp gemm,456,inception4e.branch3.1.conv,32,128,3,1,1,0.3981888011097908,0.007593893038607622,0.4518024317256379
googlenet,implicit precomp gemm,456,inception4e.branch4.1.conv,528,128,1,1,0,0.9718671947717666,0.008126328239317786,1.1027230316082883
googlenet,implicit precomp gemm,456,inception5a.branch1.conv,832,256,1,1,0,0.7737487941980362,0.009770658385072009,0.8779292280173
googlenet,implicit precomp gemm,456,inception5a.branch2.0.conv,832,160,1,1,0,0.6944831997156143,0.016165779101249556,0.787991017199909
googlenet,implicit precomp gemm,456,inception5a.branch2.1.conv,160,320,3,1,1,0.898224002122879,0.01850779365211816,1.0191642438521429
googlenet,implicit precomp gemm,456,inception5a.branch3.0.conv,832,32,1,1,0,0.37434719651937487,0.01204046520319635,0.4247507042532195
googlenet,implicit precomp gemm,456,inception5a.branch3.1.conv,32,128,3,1,1,0.3424224004149437,0.009273298476179082,0.38852743410567414
googlenet,implicit precomp gemm,456,inception5a.branch4.1.conv,832,128,1,1,0,0.6982800006866455,0.016643943425960775,0.792299033665237
googlenet,implicit precomp gemm,456,inception5b.branch1.conv,832,384,1,1,0,0.960313594341278,0.019299200219957492,1.0896138111703135
googlenet,implicit precomp gemm,456,inception5b.branch2.0.conv,832,192,1,1,0,0.7098031997680664,0.018358323845547145,0.8053737594027123
googlenet,implicit precomp gemm,456,inception5b.branch2.1.conv,192,384,3,1,1,0.9876431971788406,0.013667050076697764,1.1206231740295722
googlenet,implicit precomp gemm,456,inception5b.branch3.0.conv,832,48,1,1,0,0.47187679708004,0.018559228933978884,0.5354120552900334
googlenet,implicit precomp gemm,456,inception5b.branch3.1.conv,48,128,3,1,1,0.33132639825344085,0.012121853708313755,0.3759374246804275
googlenet,implicit precomp gemm,456,inception5b.branch4.1.conv,832,128,1,1,0,0.6999567955732345,0.017689370103164164,0.7942015984916575
googlenet,implicit precomp gemm,459,conv1.conv,3,64,7,2,3,2.378324794769287,0.11855456467517912,2.6280805385176174
googlenet,implicit precomp gemm,459,conv2.conv,64,64,1,1,0,1.4766000151634215,0.028457748753271377,1.6316626608613618
googlenet,implicit precomp gemm,459,conv3.conv,64,192,3,1,1,2.8991104125976563,0.8845447328562263,3.2035555745449744
googlenet,implicit precomp gemm,459,inception3a.branch1.conv,192,64,1,1,0,1.0210368126630782,0.009355937316902603,1.1282592614648324
googlenet,implicit precomp gemm,459,inception3a.branch2.0.conv,192,96,1,1,0,1.1486480057239532,0.015359295511294013,1.2692713274862157
googlenet,implicit precomp gemm,459,inception3a.branch2.1.conv,96,128,3,1,1,1.0259328126907348,0.013659255601873753,1.1336694066298512
googlenet,implicit precomp gemm,459,inception3a.branch3.0.conv,192,16,1,1,0,0.6792816013097763,0.008663399043634258,0.7506152063425312
googlenet,implicit precomp gemm,459,inception3a.branch3.1.conv,16,32,3,1,1,0.2896992012858391,0.00458621563780012,0.3201214714650729
googlenet,implicit precomp gemm,459,inception3a.branch4.1.conv,192,32,1,1,0,0.7670751959085464,0.015405946652726278,0.8476282963456211
googlenet,implicit precomp gemm,459,inception3b.branch1.conv,256,128,1,1,0,1.2872735977172851,0.01964312184471696,1.4224544508591948
googlenet,implicit precomp gemm,459,inception3b.branch2.0.conv,256,128,1,1,0,1.2471455991268159,0.01135489819021308,1.3781124785696175
googlenet,implicit precomp gemm,459,inception3b.branch2.1.conv,128,192,3,1,1,1.4303264021873474,0.02095715104339969,1.5805297029168546
googlenet,implicit precomp gemm,459,inception3b.branch3.0.conv,256,32,1,1,0,0.7756687998771667,0.008472152866327317,0.8571243430568735
googlenet,implicit precomp gemm,459,inception3b.branch3.1.conv,32,96,3,1,1,0.7283776015043258,0.006531152860431264,0.8048669397113831
googlenet,implicit precomp gemm,459,inception3b.branch4.1.conv,256,64,1,1,0,1.1001312017440796,0.0213927284435181,1.2156596136399793
googlenet,implicit precomp gemm,459,inception4a.branch1.conv,480,192,1,1,0,1.0292768031358719,0.028039010607187796,1.1373645605588611
googlenet,implicit precomp gemm,459,inception4a.branch2.0.conv,480,96,1,1,0,0.7485936015844346,0.008896019027752335,0.8272058887456163
googlenet,implicit precomp gemm,459,inception4a.branch2.1.conv,96,208,3,1,1,0.7264831990003586,0.020986873508966646,0.8027735997421136
googlenet,implicit precomp gemm,459,inception4a.branch3.0.conv,480,16,1,1,0,0.4236175999045372,0.00639303038866352,0.4681030835364327
googlenet,implicit precomp gemm,459,inception4a.branch3.1.conv,16,48,3,1,1,0.2253600001335144,0.0073865642352325895,0.24902579824832982
googlenet,implicit precomp gemm,459,inception4a.branch4.1.conv,480,64,1,1,0,0.7557184010744095,0.010284217973744021,0.8350788869675685
googlenet,implicit precomp gemm,459,inception4b.branch1.conv,512,160,1,1,0,0.9689071983098984,0.011320183692587193,1.0706553440926843
googlenet,implicit precomp gemm,459,inception4b.branch2.0.conv,512,112,1,1,0,0.9090783953666687,0.008863275553538668,1.0045437209015549
googlenet,implicit precomp gemm,459,inception4b.branch2.1.conv,112,224,3,1,1,0.731968006491661,0.007991626794020783,0.8088343849877241
googlenet,implicit precomp gemm,459,inception4b.branch3.0.conv,512,24,1,1,0,0.4355951964855194,0.0056737189597125415,0.48133848710365157
googlenet,implicit precomp gemm,459,inception4b.branch3.1.conv,24,64,3,1,1,0.24576319828629495,0.0062146894498515196,0.271571603643275
googlenet,implicit precomp gemm,459,inception4b.branch4.1.conv,512,64,1,1,0,0.7708079963922501,0.014950084964666401,0.851753090539823
googlenet,implicit precomp gemm,459,inception4c.branch1.conv,512,128,1,1,0,0.9480976074934006,0.014125220837488798,1.0476604693978435
googlenet,implicit precomp gemm,459,inception4c.branch2.0.conv,512,128,1,1,0,0.9304367989301682,0.009681810903462804,1.0281450409830215
googlenet,implicit precomp gemm,459,inception4c.branch2.1.conv,128,256,3,1,1,0.9262191981077195,0.03055875104729694,1.0234845359649132
googlenet,implicit precomp gemm,459,inception4c.branch3.0.conv,512,24,1,1,0,0.43718720227479935,0.006688967232025062,0.48309767468022474
googlenet,implicit precomp gemm,459,inception4c.branch3.1.conv,24,64,3,1,1,0.2455152004957199,0.005459123050996059,0.27129756278542444
googlenet,implicit precomp gemm,459,inception4c.branch4.1.conv,512,64,1,1,0,0.7596608012914657,0.010120657485855576,0.8394352916555573
googlenet,implicit precomp gemm,459,inception4d.branch1.conv,512,112,1,1,0,0.942428806424141,0.011027068111888874,1.0413963688008119
googlenet,implicit precomp gemm,459,inception4d.branch2.0.conv,512,144,1,1,0,0.9351823955774308,0.00613695804246829,1.0333889884117977
googlenet,implicit precomp gemm,459,inception4d.branch2.1.conv,144,288,3,1,1,1.000539207458496,0.02602424752698912,1.1056091350216921
googlenet,implicit precomp gemm,459,inception4d.branch3.0.conv,512,32,1,1,0,0.44349440187215805,0.009188169548925085,0.4900672141438086
googlenet,implicit precomp gemm,459,inception4d.branch3.1.conv,32,64,3,1,1,0.36131679862737653,0.006049019712853214,0.39925986929981605
googlenet,implicit precomp gemm,459,inception4d.branch4.1.conv,512,64,1,1,0,0.7549888014793396,0.0075791270667045834,0.8342726697087102
googlenet,implicit precomp gemm,459,inception4e.branch1.conv,528,256,1,1,0,1.077998399734497,0.011721333426644342,1.1912025729732985
googlenet,implicit precomp gemm,459,inception4e.branch2.0.conv,528,160,1,1,0,0.9870336025953292,0.00974689392556054,1.090685261974638
googlenet,implicit precomp gemm,459,inception4e.branch2.1.conv,160,320,3,1,1,1.0597232103347778,0.007847669538107675,1.1710082455606774
googlenet,implicit precomp gemm,459,inception4e.branch3.0.conv,528,32,1,1,0,0.4564079999923706,0.006506134390111105,0.5043369118640733
googlenet,implicit precomp gemm,459,inception4e.branch3.1.conv,32,128,3,1,1,0.38813599944114685,0.004422442189443838,0.4288954429911306
googlenet,implicit precomp gemm,459,inception4e.branch4.1.conv,528,128,1,1,0,0.962665605545044,0.005210268037997305,1.0637583010518252
googlenet,implicit precomp gemm,459,inception5a.branch1.conv,832,256,1,1,0,0.759223997592926,0.006787948605704468,0.8389526177576064
googlenet,implicit precomp gemm,459,inception5a.branch2.0.conv,832,160,1,1,0,0.6878671914339065,0.006190924254779394,0.760102397649009
googlenet,implicit precomp gemm,459,inception5a.branch2.1.conv,160,320,3,1,1,0.8973407983779907,0.00905320270211765,0.9915735200766924
googlenet,implicit precomp gemm,459,inception5a.branch3.0.conv,832,32,1,1,0,0.37156320214271543,0.0043274856377737,0.4105822814983874
googlenet,implicit precomp gemm,459,inception5a.branch3.1.conv,32,128,3,1,1,0.34092639982700346,0.005428286403142993,0.3767282073595587
googlenet,implicit precomp gemm,459,inception5a.branch4.1.conv,832,128,1,1,0,0.6917488038539886,0.007614405503412249,0.7643916310126444
googlenet,implicit precomp gemm,459,inception5b.branch1.conv,832,384,1,1,0,0.9513680011034011,0.007413160868029811,1.051274297844924
googlenet,implicit precomp gemm,459,inception5b.branch2.0.conv,832,192,1,1,0,0.7040623903274537,0.009763178415471682,0.7779983078809343
googlenet,implicit precomp gemm,459,inception5b.branch2.1.conv,192,384,3,1,1,0.995769590139389,0.005777183963690403,1.100338644430966
googlenet,implicit precomp gemm,459,inception5b.branch3.0.conv,832,48,1,1,0,0.4667904004454613,0.009322555272007005,0.5158096024881101
googlenet,implicit precomp gemm,459,inception5b.branch3.1.conv,48,128,3,1,1,0.3277871996164322,0.007355868539630648,0.3622092163281262
googlenet,implicit precomp gemm,459,inception5b.branch4.1.conv,832,128,1,1,0,0.6918511986732483,0.007412342041903228,0.7645047786501468
googlenet,implicit precomp gemm,462,conv1.conv,3,64,7,2,3,2.363355207443237,0.051567290746120376,2.663900907105292
googlenet,implicit precomp gemm,462,conv2.conv,64,64,1,1,0,1.4988239884376526,0.013947507055631738,1.6894280511940911
googlenet,implicit precomp gemm,462,conv3.conv,64,192,3,1,1,2.7076144099235533,0.01883343621148128,3.0519392345130374
googlenet,implicit precomp gemm,462,inception3a.branch1.conv,192,64,1,1,0,1.0214687913656235,0.015882740902375504,1.1513680344489585
googlenet,implicit precomp gemm,462,inception3a.branch2.0.conv,192,96,1,1,0,1.1606320083141326,0.014985365269937895,1.3082285092084338
googlenet,implicit precomp gemm,462,inception3a.branch2.1.conv,96,128,3,1,1,1.0241904139518738,0.011382029753297163,1.1544357632666484
googlenet,implicit precomp gemm,462,inception3a.branch3.0.conv,192,16,1,1,0,0.6873312085866928,0.011209287681230995,0.7747384837748069
googlenet,implicit precomp gemm,462,inception3a.branch3.1.conv,16,32,3,1,1,0.29200479984283445,0.005077103734538939,0.32913878063296115
googlenet,implicit precomp gemm,462,inception3a.branch4.1.conv,192,32,1,1,0,0.7776975929737091,0.012576455595226424,0.8765966778297012
googlenet,implicit precomp gemm,462,inception3b.branch1.conv,256,128,1,1,0,1.280708795785904,0.02049570166574527,1.4435753508769746
googlenet,implicit precomp gemm,462,inception3b.branch2.0.conv,256,128,1,1,0,1.234278392791748,0.019945525677139184,1.3912404364029018
googlenet,implicit precomp gemm,462,inception3b.branch2.1.conv,128,192,3,1,1,1.468540793657303,0.025083745166706715,1.6552937704937754
googlenet,implicit precomp gemm,462,inception3b.branch3.0.conv,256,32,1,1,0,0.7786783933639526,0.013432524059647842,0.8777022057000061
googlenet,implicit precomp gemm,462,inception3b.branch3.1.conv,32,96,3,1,1,0.7306272029876709,0.00829815261412314,0.8235403898088838
googlenet,implicit precomp gemm,462,inception3b.branch4.1.conv,256,64,1,1,0,1.0960271954536438,0.014363045153133773,1.2354079619456257
googlenet,implicit precomp gemm,462,inception4a.branch1.conv,480,192,1,1,0,1.0264432072639464,0.010377069879183087,1.1569750422242298
googlenet,implicit precomp gemm,462,inception4a.branch2.0.conv,480,96,1,1,0,0.7551903992891311,0.007638397670854965,0.8512272651049819
googlenet,implicit precomp gemm,462,inception4a.branch2.1.conv,96,208,3,1,1,0.716772797703743,0.014146309277543598,0.8079241325966694
googlenet,implicit precomp gemm,462,inception4a.branch3.0.conv,480,16,1,1,0,0.4270591989159584,0.007181281583627341,0.48136792294147973
googlenet,implicit precomp gemm,462,inception4a.branch3.1.conv,16,48,3,1,1,0.2222863994538784,0.0064971143644386225,0.2505543556370285
googlenet,implicit precomp gemm,462,inception4a.branch4.1.conv,480,64,1,1,0,0.7675327956676483,0.010449807979654788,0.8651392326353113
googlenet,implicit precomp gemm,462,inception4b.branch1.conv,512,160,1,1,0,0.9775024026632309,0.007967483856285677,1.1018104806891265
googlenet,implicit precomp gemm,462,inception4b.branch2.0.conv,512,112,1,1,0,0.9133072018623352,0.013214028190985213,1.029451635473338
googlenet,implicit precomp gemm,462,inception4b.branch2.1.conv,112,224,3,1,1,0.7625951945781708,0.016491081962290852,0.8595737213741359
googlenet,implicit precomp gemm,462,inception4b.branch3.0.conv,512,24,1,1,0,0.4317504018545151,0.0062576957059773414,0.48665570182637946
googlenet,implicit precomp gemm,462,inception4b.branch3.1.conv,24,64,3,1,1,0.2566592052578926,0.005573042791583486,0.28929831941898004
googlenet,implicit precomp gemm,462,inception4b.branch4.1.conv,512,64,1,1,0,0.7722064018249511,0.017791324179144415,0.8704071769725321
googlenet,implicit precomp gemm,462,inception4c.branch1.conv,512,128,1,1,0,0.9620608001947403,0.00917690833947491,1.084405183891836
googlenet,implicit precomp gemm,462,inception4c.branch2.0.conv,512,128,1,1,0,0.9263167947530746,0.009506546623991604,1.0441156462803314
googlenet,implicit precomp gemm,462,inception4c.branch2.1.conv,128,256,3,1,1,0.9768991976976394,0.01146213775944541,1.1011305667049953
googlenet,implicit precomp gemm,462,inception4c.branch3.0.conv,512,24,1,1,0,0.43734879940748217,0.00846155436775241,0.492966042427198
googlenet,implicit precomp gemm,462,inception4c.branch3.1.conv,24,64,3,1,1,0.2515584006905556,0.007482828737366427,0.28354885024435017
googlenet,implicit precomp gemm,462,inception4c.branch4.1.conv,512,64,1,1,0,0.7692303955554962,0.01712393843077582,0.8670527147335153
googlenet,implicit precomp gemm,462,inception4d.branch1.conv,512,112,1,1,0,0.9413423955440521,0.008708597408075421,1.0610520388508706
googlenet,implicit precomp gemm,462,inception4d.branch2.0.conv,512,144,1,1,0,0.9416256010532379,0.01185756591744316,1.061371259343178
googlenet,implicit precomp gemm,462,inception4d.branch2.1.conv,144,288,3,1,1,1.032916796207428,0.0072474928789056595,1.1642718714966365
googlenet,implicit precomp gemm,462,inception4d.branch3.0.conv,512,32,1,1,0,0.4439408019185066,0.00963248529998749,0.5003963438112019
googlenet,implicit precomp gemm,462,inception4d.branch3.1.conv,32,64,3,1,1,0.370278400182724,0.011747266679571806,0.4173663624586343
googlenet,implicit precomp gemm,462,inception4d.branch4.1.conv,512,64,1,1,0,0.7638160020112992,0.010835084972327715,0.8609497777613726
googlenet,implicit precomp gemm,462,inception4e.branch1.conv,528,256,1,1,0,1.0860031962394714,0.0063498161948008025,1.2241092200064718
googlenet,implicit precomp gemm,462,inception4e.branch2.0.conv,528,160,1,1,0,0.9925791949033738,0.007766010533598023,1.1188045746781567
googlenet,implicit precomp gemm,462,inception4e.branch2.1.conv,160,320,3,1,1,1.0623823940753936,0.009495228519910597,1.1974845822401012
googlenet,implicit precomp gemm,462,inception4e.branch3.0.conv,528,32,1,1,0,0.45695040076971055,0.008308946667903607,0.5150603613366465
googlenet,implicit precomp gemm,462,inception4e.branch3.1.conv,32,128,3,1,1,0.3984447970986366,0.013759015168275381,0.4491146540645161
googlenet,implicit precomp gemm,462,inception4e.branch4.1.conv,528,128,1,1,0,0.9635648101568222,0.009449305142483934,1.0861004574121547
googlenet,implicit precomp gemm,462,inception5a.branch1.conv,832,256,1,1,0,0.7729103982448577,0.011022492438791595,0.8712006999671635
googlenet,implicit precomp gemm,462,inception5a.branch2.0.conv,832,160,1,1,0,0.6866175979375839,0.004943511651883958,0.7739341239183223
googlenet,implicit precomp gemm,462,inception5a.branch2.1.conv,160,320,3,1,1,0.8973119974136352,0.01160927290719909,1.0114223356431518
googlenet,implicit precomp gemm,462,inception5a.branch3.0.conv,832,32,1,1,0,0.3729248017072678,0.006815120765736474,0.42034930442165114
googlenet,implicit precomp gemm,462,inception5a.branch3.1.conv,32,128,3,1,1,0.3364528000354767,0.006934877322973401,0.3792391919715896
googlenet,implicit precomp gemm,462,inception5a.branch4.1.conv,832,128,1,1,0,0.6965391993522644,0.00686877273716057,0.7851174462243661
googlenet,implicit precomp gemm,462,inception5b.branch1.conv,832,384,1,1,0,0.9566288024187088,0.007801775832476409,1.0782824039739503
googlenet,implicit precomp gemm,462,inception5b.branch2.0.conv,832,192,1,1,0,0.7021903961896896,0.009566429571917041,0.791487300545898
googlenet,implicit precomp gemm,462,inception5b.branch2.1.conv,192,384,3,1,1,0.9894719988107681,0.010532769843665241,1.1153022393273058
googlenet,implicit precomp gemm,462,inception5b.branch3.0.conv,832,48,1,1,0,0.46878560334444047,0.010430374273737658,0.5284006356954492
googlenet,implicit precomp gemm,462,inception5b.branch3.1.conv,48,128,3,1,1,0.32862879931926725,0.008381530990237742,0.3704202203081422
googlenet,implicit precomp gemm,462,inception5b.branch4.1.conv,832,128,1,1,0,0.696353605389595,0.005720688915475799,0.7849082504488215
googlenet,implicit precomp gemm,465,conv1.conv,3,64,7,2,3,2.413424003124237,0.025668559706335848,2.6306829786461963
googlenet,implicit precomp gemm,465,conv2.conv,64,64,1,1,0,1.4332416117191316,0.08005694969848508,1.5622635340313507
googlenet,implicit precomp gemm,465,conv3.conv,64,192,3,1,1,2.7293488025665282,0.016128333067795302,2.9750476619132775
googlenet,implicit precomp gemm,465,inception3a.branch1.conv,192,64,1,1,0,1.0512383937835694,0.006797762089919116,1.1458719833091193
googlenet,implicit precomp gemm,465,inception3a.branch2.0.conv,192,96,1,1,0,1.1527344107627868,0.01300757730343768,1.256504778840269
googlenet,implicit precomp gemm,465,inception3a.branch2.1.conv,96,128,3,1,1,1.0941696107387542,0.013222954056237085,1.192667913717688
googlenet,implicit precomp gemm,465,inception3a.branch3.0.conv,192,16,1,1,0,0.6934448063373566,0.007410774239189358,0.7558694395600511
googlenet,implicit precomp gemm,465,inception3a.branch3.1.conv,16,32,3,1,1,0.29247519820928575,0.004519373104001061,0.318804124185937
googlenet,implicit precomp gemm,465,inception3a.branch4.1.conv,192,32,1,1,0,0.7841376006603241,0.01761107185162081,0.8547264949313568
googlenet,implicit precomp gemm,465,inception3b.branch1.conv,256,128,1,1,0,1.2708352029323577,0.01482826807914157,1.3852371289465628
googlenet,implicit precomp gemm,465,inception3b.branch2.0.conv,256,128,1,1,0,1.245283204317093,0.010008808037567972,1.3573849124522577
googlenet,implicit precomp gemm,465,inception3b.branch2.1.conv,128,192,3,1,1,1.4700495958328248,0.008439571937327172,1.6023850117165082
googlenet,implicit precomp gemm,465,inception3b.branch3.0.conv,256,32,1,1,0,0.9113776057958602,0.011200325557316022,0.9934207795989476
googlenet,implicit precomp gemm,465,inception3b.branch3.1.conv,32,96,3,1,1,0.7309247970581054,0.006524256916209257,0.7967234185961649
googlenet,implicit precomp gemm,465,inception3b.branch4.1.conv,256,64,1,1,0,1.3653935968875885,1.0684393962310996,1.488307769308194
googlenet,implicit precomp gemm,465,inception4a.branch1.conv,480,192,1,1,0,1.2872352004051208,0.9324090379651729,1.4031134714978875
googlenet,implicit precomp gemm,465,inception4a.branch2.0.conv,480,96,1,1,0,1.1890944093465805,1.173162761517144,1.2961379428653894
googlenet,implicit precomp gemm,465,inception4a.branch2.1.conv,96,208,3,1,1,0.8665071994066238,0.5459634809991105,0.944511091877148
googlenet,implicit precomp gemm,465,inception4a.branch3.0.conv,480,16,1,1,0,0.4320607975125313,0.00547157947956845,0.47095536643587727
googlenet,implicit precomp gemm,465,inception4a.branch3.1.conv,16,48,3,1,1,0.22824479788541793,0.00899536491090988,0.2487916354459168
googlenet,implicit precomp gemm,465,inception4a.branch4.1.conv,480,64,1,1,0,0.8961344063282013,0.5467827464435284,0.976805371229855
googlenet,implicit precomp gemm,465,inception4b.branch1.conv,512,160,1,1,0,1.2734815925359726,1.1749493474475075,1.3881217493348923
googlenet,implicit precomp gemm,465,inception4b.branch2.0.conv,512,112,1,1,0,1.1930463939905167,1.166427644940418,1.3004456893372964
googlenet,implicit precomp gemm,465,inception4b.branch2.1.conv,112,224,3,1,1,0.9395584106445313,0.628337486580079,1.0241384502378323
googlenet,implicit precomp gemm,465,inception4b.branch3.0.conv,512,24,1,1,0,0.4399007990956306,0.005804439198123093,0.4795011332346328
googlenet,implicit precomp gemm,465,inception4b.branch3.1.conv,24,64,3,1,1,0.2514431975781918,0.004879514417942106,0.2740783795590977
googlenet,implicit precomp gemm,465,inception4b.branch4.1.conv,512,64,1,1,0,1.0926656007766724,1.3551346481519084,1.1910285111917163
googlenet,implicit precomp gemm,465,inception4c.branch1.conv,512,128,1,1,0,1.248017594218254,1.24727389135153,1.3603654550177808
googlenet,implicit precomp gemm,465,inception4c.branch2.0.conv,512,128,1,1,0,1.2040352076292038,1.1793804897130544,1.3124237275756612
googlenet,implicit precomp gemm,465,inception4c.branch2.1.conv,128,256,3,1,1,1.0526719987392426,0.25173950467232986,1.1474346428957107
googlenet,implicit precomp gemm,465,inception4c.branch3.0.conv,512,24,1,1,0,0.4501471951603889,0.00936172640057186,0.490669920685629
googlenet,implicit precomp gemm,465,inception4c.branch3.1.conv,24,64,3,1,1,0.2611808031797409,0.003526464119789245,0.28469257469248654
googlenet,implicit precomp gemm,465,inception4c.branch4.1.conv,512,64,1,1,0,0.7659631937742233,0.0112675114849808,0.8349160087588637
googlenet,implicit precomp gemm,465,inception4d.branch1.conv,512,112,1,1,0,0.9487727999687194,0.009088796362889137,1.0341823286124494
googlenet,implicit precomp gemm,465,inception4d.branch2.0.conv,512,144,1,1,0,0.9346719890832901,0.010002298160957445,1.018812147851262
googlenet,implicit precomp gemm,465,inception4d.branch2.1.conv,144,288,3,1,1,1.031356805562973,0.03140313112699438,1.1242006335368995
googlenet,implicit precomp gemm,465,inception4d.branch3.0.conv,512,32,1,1,0,0.4516240030527115,0.005663677034155953,0.49227967238281695
googlenet,implicit precomp gemm,465,inception4d.branch3.1.conv,32,64,3,1,1,0.38005279898643496,0.007402829814833998,0.4142655530011283
googlenet,implicit precomp gemm,465,inception4d.branch4.1.conv,512,64,1,1,0,0.7693727999925614,0.009462535597318975,0.8386325513269566
googlenet,implicit precomp gemm,465,inception4e.branch1.conv,528,256,1,1,0,1.1103199958801269,0.013297216149885325,1.2102721735721478
googlenet,implicit precomp gemm,465,inception4e.branch2.0.conv,528,160,1,1,0,1.0181296050548554,0.007979755198598146,1.109782706481065
googlenet,implicit precomp gemm,465,inception4e.branch2.1.conv,160,320,3,1,1,1.072950404882431,0.012385603832629734,1.1695385325586554
googlenet,implicit precomp gemm,465,inception4e.branch3.0.conv,528,32,1,1,0,0.4715440019965172,0.006906766358075924,0.513992890652082
googlenet,implicit precomp gemm,465,inception4e.branch3.1.conv,32,128,3,1,1,0.39088319838047025,0.006512725458227864,0.4260709163773713
googlenet,implicit precomp gemm,465,inception4e.branch4.1.conv,528,128,1,1,0,0.9804944038391114,0.005660763875711249,1.0687595447374112
googlenet,implicit precomp gemm,465,inception5a.branch1.conv,832,256,1,1,0,0.7832112044095993,0.006973495130659328,0.853716703512564
googlenet,implicit precomp gemm,465,inception5a.branch2.0.conv,832,160,1,1,0,0.69514240026474,0.007642273906331665,0.75771985268416
googlenet,implicit precomp gemm,465,inception5a.branch2.1.conv,160,320,3,1,1,0.8840159952640534,0.00679596062638317,0.9635960480137843
googlenet,implicit precomp gemm,465,inception5a.branch3.0.conv,832,32,1,1,0,0.3867632016539574,0.005163972110233575,0.4215800331979197
googlenet,implicit precomp gemm,465,inception5a.branch3.1.conv,32,128,3,1,1,0.3458432018756866,0.009610760599135704,0.3769763718588634
googlenet,implicit precomp gemm,465,inception5a.branch4.1.conv,832,128,1,1,0,0.706455996632576,0.005797997965412606,0.7700519109356779
googlenet,implicit precomp gemm,465,inception5b.branch1.conv,832,384,1,1,0,0.9790367931127548,0.009512381713285743,1.0671707183553272
googlenet,implicit precomp gemm,465,inception5b.branch2.0.conv,832,192,1,1,0,0.7099680006504059,0.007914617453867104,0.7738800692612279
googlenet,implicit precomp gemm,465,inception5b.branch2.1.conv,192,384,3,1,1,0.9951103985309601,0.008342915346337847,1.0846912866949185
googlenet,implicit precomp gemm,465,inception5b.branch3.0.conv,832,48,1,1,0,0.4826432004570961,0.006580203750497434,0.5260912506704885
googlenet,implicit precomp gemm,465,inception5b.branch3.1.conv,48,128,3,1,1,0.3341584011912346,0.006633086759095061,0.3642396930864351
googlenet,implicit precomp gemm,465,inception5b.branch4.1.conv,832,128,1,1,0,0.7079903960227967,0.004325361888929104,0.7717244385781781
googlenet,implicit precomp gemm,468,conv1.conv,3,64,7,2,3,2.48652960062027,0.053904761889646005,2.699926633938442
googlenet,implicit precomp gemm,468,conv2.conv,64,64,1,1,0,1.8200543999671936,0.05494195589790716,1.9762537105781748
googlenet,implicit precomp gemm,468,conv3.conv,64,192,3,1,1,2.719286394119263,0.045129484078380924,2.952658902173366
googlenet,implicit precomp gemm,468,inception3a.branch1.conv,192,64,1,1,0,1.0531759858131409,0.014493118877090021,1.1435608462541353
googlenet,implicit precomp gemm,468,inception3a.branch2.0.conv,192,96,1,1,0,1.1212255954742432,0.014069255267490482,1.2174505572422103
googlenet,implicit precomp gemm,468,inception3a.branch2.1.conv,96,128,3,1,1,1.0893680036067963,0.010305211414633933,1.1828589075974183
googlenet,implicit precomp gemm,468,inception3a.branch3.0.conv,192,16,1,1,0,0.6980383962392807,0.010367621363627335,0.7579449112723126
googlenet,implicit precomp gemm,468,inception3a.branch3.1.conv,16,32,3,1,1,0.29148480147123335,0.007645904764925993,0.3165003861945284
googlenet,implicit precomp gemm,468,inception3a.branch4.1.conv,192,32,1,1,0,0.7775552034378052,0.01708493725008824,0.8442859488161605
googlenet,implicit precomp gemm,468,inception3b.branch1.conv,256,128,1,1,0,1.2037440061569213,0.00984996833510809,1.3070507995787006
googlenet,implicit precomp gemm,468,inception3b.branch2.0.conv,256,128,1,1,0,1.178987193107605,0.00779753445551866,1.2801693263371958
googlenet,implicit precomp gemm,468,inception3b.branch2.1.conv,128,192,3,1,1,1.469054400920868,0.008984302752843216,1.595130459239786
googlenet,implicit precomp gemm,468,inception3b.branch3.0.conv,256,32,1,1,0,0.9051807999610901,0.011614746054466678,0.9828645312466864
googlenet,implicit precomp gemm,468,inception3b.branch3.1.conv,32,96,3,1,1,0.7245792031288147,0.008137710895352689,0.7867634829029879
googlenet,implicit precomp gemm,468,inception3b.branch4.1.conv,256,64,1,1,0,1.121260803937912,0.014347145166339654,1.217488787339602
googlenet,implicit precomp gemm,468,inception4a.branch1.conv,480,192,1,1,0,1.0674079954624176,0.0059980246639761885,1.1590142645029935
googlenet,implicit precomp gemm,468,inception4a.branch2.0.conv,480,96,1,1,0,0.9130384027957916,0.010433760865379236,0.9913964832359281
googlenet,implicit precomp gemm,468,inception4a.branch2.1.conv,96,208,3,1,1,0.722487998008728,0.013478722562398468,0.7844928079834766
googlenet,implicit precomp gemm,468,inception4a.branch3.0.conv,480,16,1,1,0,0.4364367976784706,0.00676563299001414,0.4738923412731401
googlenet,implicit precomp gemm,468,inception4a.branch3.1.conv,16,48,3,1,1,0.2248847983777523,0.003292150354529733,0.24418468879538352
googlenet,implicit precomp gemm,468,inception4a.branch4.1.conv,480,64,1,1,0,0.7695152044296265,0.004511247464805063,0.8355559471891519
googlenet,implicit precomp gemm,468,inception4b.branch1.conv,512,160,1,1,0,1.0259775996208191,0.007114266459100551,1.1140282610548784
googlenet,implicit precomp gemm,468,inception4b.branch2.0.conv,512,112,1,1,0,0.9139968007802963,0.008315892456743803,0.9924371321160508
googlenet,implicit precomp gemm,468,inception4b.branch2.1.conv,112,224,3,1,1,0.7992384046316147,0.010432609352686494,0.867830029046538
googlenet,implicit precomp gemm,468,inception4b.branch3.0.conv,512,24,1,1,0,0.4469312012195587,0.004617363035441877,0.4852873874534927
googlenet,implicit precomp gemm,468,inception4b.branch3.1.conv,24,64,3,1,1,0.24950719997286797,0.0059339438263734,0.2709202152261157
googlenet,implicit precomp gemm,468,inception4b.branch4.1.conv,512,64,1,1,0,0.7699888080358506,0.010565440982909648,0.8360701960402634
googlenet,implicit precomp gemm,468,inception4c.branch1.conv,512,128,1,1,0,0.9526432007551193,0.009368970206568903,1.0344002137426818
googlenet,implicit precomp gemm,468,inception4c.branch2.0.conv,512,128,1,1,0,0.9346576035022736,0.010938759748861368,1.0148710703783177
googlenet,implicit precomp gemm,468,inception4c.branch2.1.conv,128,256,3,1,1,0.9911839932203292,0.007259048973535198,1.0762486244931337
googlenet,implicit precomp gemm,468,inception4c.branch3.0.conv,512,24,1,1,0,0.44257440268993375,0.004958785298727289,0.4805566831072006
googlenet,implicit precomp gemm,468,inception4c.branch3.1.conv,24,64,3,1,1,0.2643295988440514,0.006363039782318214,0.28701469062716634
googlenet,implicit precomp gemm,468,inception4c.branch4.1.conv,512,64,1,1,0,0.7770144045352936,0.017096774171389075,0.8436987378856607
googlenet,implicit precomp gemm,468,inception4d.branch1.conv,512,112,1,1,0,0.9569279968738555,0.00843957495001857,1.0390527363424875
googlenet,implicit precomp gemm,468,inception4d.branch2.0.conv,512,144,1,1,0,0.9438720017671585,0.005936745423749573,1.0248762596529086
googlenet,implicit precomp gemm,468,inception4d.branch2.1.conv,144,288,3,1,1,1.0512719869613647,0.009996550754826845,1.1414934438754885
googlenet,implicit precomp gemm,468,inception4d.branch3.0.conv,512,32,1,1,0,0.45573440194129944,0.008305587995170208,0.49484608970525956
googlenet,implicit precomp gemm,468,inception4d.branch3.1.conv,32,64,3,1,1,0.37731040120124815,0.00564525464933615,0.4096916446163076
googlenet,implicit precomp gemm,468,inception4d.branch4.1.conv,512,64,1,1,0,0.7615536034107209,0.0051524865265037256,0.826911071763429
googlenet,implicit precomp gemm,468,inception4e.branch1.conv,528,256,1,1,0,1.1065983891487121,0.007281777223255721,1.2015680260515247
googlenet,implicit precomp gemm,468,inception4e.branch2.0.conv,528,160,1,1,0,1.0117951899766922,0.009544933553339725,1.0986286995447108
googlenet,implicit precomp gemm,468,inception4e.branch2.1.conv,160,320,3,1,1,1.085369598865509,0.010573005823613153,1.178517354835861
googlenet,implicit precomp gemm,468,inception4e.branch3.0.conv,528,32,1,1,0,0.4685407981276512,0.0065535511748564665,0.5087515465876846
googlenet,implicit precomp gemm,468,inception4e.branch3.1.conv,32,128,3,1,1,0.4092383995652199,0.0062862511769995275,0.44435974312988524
googlenet,implicit precomp gemm,468,inception4e.branch4.1.conv,528,128,1,1,0,0.9814880013465881,0.019084349391188915,1.0657205106529308
googlenet,implicit precomp gemm,468,inception5a.branch1.conv,832,256,1,1,0,0.788759994506836,0.023462467380188104,0.8564523488571838
googlenet,implicit precomp gemm,468,inception5a.branch2.0.conv,832,160,1,1,0,0.7021679937839508,0.030524209978786684,0.762428915965247
googlenet,implicit precomp gemm,468,inception5a.branch2.1.conv,160,320,3,1,1,0.8954399943351745,0.03857054479534606,0.9722877576828943
googlenet,implicit precomp gemm,468,inception5a.branch3.0.conv,832,32,1,1,0,0.3936336025595665,0.025374476245639103,0.4274157232226793
googlenet,implicit precomp gemm,468,inception5a.branch3.1.conv,32,128,3,1,1,0.35190719813108445,0.02472153540770721,0.38210830736612056
googlenet,implicit precomp gemm,468,inception5a.branch4.1.conv,832,128,1,1,0,0.7156335979700088,0.043976046091299514,0.7770501548899482
googlenet,implicit precomp gemm,468,inception5b.branch1.conv,832,384,1,1,0,0.9941040009260178,0.04809206308587204,1.0794192308570907
googlenet,implicit precomp gemm,468,inception5b.branch2.0.conv,832,192,1,1,0,0.7236288070678711,0.048695402548853864,0.7857315226813634
googlenet,implicit precomp gemm,468,inception5b.branch2.1.conv,192,384,3,1,1,1.0077087968587874,0.042885599902791276,1.0941916071356674
googlenet,implicit precomp gemm,468,inception5b.branch3.0.conv,832,48,1,1,0,0.4922560006380081,0.024828103387437662,0.534502016990685
googlenet,implicit precomp gemm,468,inception5b.branch3.1.conv,48,128,3,1,1,0.33981119841337204,0.030236644694604235,0.3689742140523643
googlenet,implicit precomp gemm,468,inception5b.branch4.1.conv,832,128,1,1,0,0.7184703916311264,0.043301205281470974,0.7801304056775231
googlenet,implicit precomp gemm,471,conv1.conv,3,64,7,2,3,2.4713279962539674,0.011603540025326032,2.6681447946441708
googlenet,implicit precomp gemm,471,conv2.conv,64,64,1,1,0,1.539433592557907,0.00935432708937942,1.6620342313564973
googlenet,implicit precomp gemm,471,conv3.conv,64,192,3,1,1,2.8019456267356873,0.012294441932459921,3.0250928448926726
googlenet,implicit precomp gemm,471,inception3a.branch1.conv,192,64,1,1,0,1.0541680037975312,0.010977470572404408,1.1381220446157942
googlenet,implicit precomp gemm,471,inception3a.branch2.0.conv,192,96,1,1,0,1.1509087920188903,0.006109103279031912,1.2425672784794695
googlenet,implicit precomp gemm,471,inception3a.branch2.1.conv,96,128,3,1,1,1.047516793012619,0.0154834259500405,1.1309411307667445
googlenet,implicit precomp gemm,471,inception3a.branch3.0.conv,192,16,1,1,0,0.7008016049861908,0.012896720763542643,0.7566135119484279
googlenet,implicit precomp gemm,471,inception3a.branch3.1.conv,16,32,3,1,1,0.29548319727182387,0.005117183134559395,0.3190155074116734
googlenet,implicit precomp gemm,471,inception3a.branch4.1.conv,192,32,1,1,0,0.7946416020393372,0.013325989860277066,0.85792693535734
googlenet,implicit precomp gemm,471,inception3b.branch1.conv,256,128,1,1,0,1.3122911989688872,0.007406698712157883,1.416802195780399
googlenet,implicit precomp gemm,471,inception3b.branch2.0.conv,256,128,1,1,0,1.2692511975765228,0.007251820812755564,1.3703344845536476
googlenet,implicit precomp gemm,471,inception3b.branch2.1.conv,128,192,3,1,1,1.4616479933261872,0.01220588642307569,1.5780537795496208
googlenet,implicit precomp gemm,471,inception3b.branch3.0.conv,256,32,1,1,0,0.7954016000032424,0.01131823834431206,0.8587474596319031
googlenet,implicit precomp gemm,471,inception3b.branch3.1.conv,32,96,3,1,1,0.7514944046735763,0.009935099604455825,0.8113434910596011
googlenet,implicit precomp gemm,471,inception3b.branch4.1.conv,256,64,1,1,0,1.1368544042110442,0.012868104694214916,1.227393597880109
googlenet,implicit precomp gemm,471,inception4a.branch1.conv,480,192,1,1,0,1.0571663916110992,0.0081788854581452,1.141359224322099
googlenet,implicit precomp gemm,471,inception4a.branch2.0.conv,480,96,1,1,0,0.9181663960218429,0.008202680476077152,0.9912892557670533
googlenet,implicit precomp gemm,471,inception4a.branch2.1.conv,96,208,3,1,1,0.7608656018972397,0.006529409586321787,0.8214610113279758
googlenet,implicit precomp gemm,471,inception4a.branch3.0.conv,480,16,1,1,0,0.4301776021718979,0.0057671553711182025,0.464436987622548
googlenet,implicit precomp gemm,471,inception4a.branch3.1.conv,16,48,3,1,1,0.22917119935154914,0.005417294782965642,0.24742241562392764
googlenet,implicit precomp gemm,471,inception4a.branch4.1.conv,480,64,1,1,0,0.7719328016042709,0.00568074568263475,0.8334096038799813
googlenet,implicit precomp gemm,471,inception4b.branch1.conv,512,160,1,1,0,1.014574408531189,0.008745148777197474,1.0953752116291289
googlenet,implicit precomp gemm,471,inception4b.branch2.0.conv,512,112,1,1,0,0.9077968060970306,0.008959350725742235,0.980093830707158
googlenet,implicit precomp gemm,471,inception4b.branch2.1.conv,112,224,3,1,1,0.793966394662857,0.011286296536443927,0.8571979544007079
googlenet,implicit precomp gemm,471,inception4b.branch3.0.conv,512,24,1,1,0,0.443606398999691,0.006759386142697964,0.4789352551162685
googlenet,implicit precomp gemm,471,inception4b.branch3.1.conv,24,64,3,1,1,0.25330559983849527,0.005135394824417162,0.2734788820778793
googlenet,implicit precomp gemm,471,inception4b.branch4.1.conv,512,64,1,1,0,0.7807264000177383,0.016345197625924342,0.8429035253135785
googlenet,implicit precomp gemm,471,inception4c.branch1.conv,512,128,1,1,0,0.9612991988658905,0.008140369348003862,1.0378571591619907
googlenet,implicit precomp gemm,471,inception4c.branch2.0.conv,512,128,1,1,0,0.9370735943317413,0.009899804533860527,1.0117022251617787
googlenet,implicit precomp gemm,471,inception4c.branch2.1.conv,128,256,3,1,1,0.9479360073804856,0.008347420258631371,1.0234297218264115
googlenet,implicit precomp gemm,471,inception4c.branch3.0.conv,512,24,1,1,0,0.44720799922943116,0.0076579949684496785,0.4828236871333608
googlenet,implicit precomp gemm,471,inception4c.branch3.1.conv,24,64,3,1,1,0.26147199869155885,0.005758872983302261,0.2822956537179925
googlenet,implicit precomp gemm,471,inception4c.branch4.1.conv,512,64,1,1,0,0.7684528023004532,0.013409077984064906,0.829652457098202
googlenet,implicit precomp gemm,471,inception4d.branch1.conv,512,112,1,1,0,0.9567231953144073,0.007755883748183846,1.032916722249258
googlenet,implicit precomp gemm,471,inception4d.branch2.0.conv,512,144,1,1,0,0.9256159961223602,0.00856829995448188,0.9993321427332937
googlenet,implicit precomp gemm,471,inception4d.branch2.1.conv,144,288,3,1,1,1.0059856116771697,0.008646889363357828,1.0861024021707955
googlenet,implicit precomp gemm,471,inception4d.branch3.0.conv,512,32,1,1,0,0.4586192011833191,0.008600490670507359,0.4951436783041203
googlenet,implicit precomp gemm,471,inception4d.branch3.1.conv,32,64,3,1,1,0.3812224015593529,0.008566391766763881,0.4115829901430083
googlenet,implicit precomp gemm,471,inception4d.branch4.1.conv,512,64,1,1,0,0.761380797624588,0.004862152087827998,0.822017237292409
googlenet,implicit precomp gemm,471,inception4e.branch1.conv,528,256,1,1,0,1.089516806602478,0.006092824534785538,1.1762860294627613
googlenet,implicit precomp gemm,471,inception4e.branch2.0.conv,528,160,1,1,0,1.0028208047151566,0.008716056541248214,1.0826855496791195
googlenet,implicit precomp gemm,471,inception4e.branch2.1.conv,160,320,3,1,1,1.0764367938041688,0.004817097807035973,1.1621643231920487
googlenet,implicit precomp gemm,471,inception4e.branch3.0.conv,528,32,1,1,0,0.46051839739084244,0.006418514925277522,0.49719412667956553
googlenet,implicit precomp gemm,471,inception4e.branch3.1.conv,32,128,3,1,1,0.4103791996836662,0.005958167722287039,0.44306183846334396
googlenet,implicit precomp gemm,471,inception4e.branch4.1.conv,528,128,1,1,0,0.9703536033630371,0.0070351145074344056,1.0476326573007582
googlenet,implicit precomp gemm,471,inception5a.branch1.conv,832,256,1,1,0,0.7869376003742218,0.006787844754108009,0.8496093862615237
googlenet,implicit precomp gemm,471,inception5a.branch2.0.conv,832,160,1,1,0,0.6934351980686188,0.006048086504985537,0.748660443678193
googlenet,implicit precomp gemm,471,inception5a.branch2.1.conv,160,320,3,1,1,0.8868320018053055,0.006092078881884173,0.9574593873930818
googlenet,implicit precomp gemm,471,inception5a.branch3.0.conv,832,32,1,1,0,0.3894320040941238,0.006041137407119858,0.4204464062101792
googlenet,implicit precomp gemm,471,inception5a.branch3.1.conv,32,128,3,1,1,0.34651840180158616,0.008096044851105863,0.37411516051967486
googlenet,implicit precomp gemm,471,inception5a.branch4.1.conv,832,128,1,1,0,0.7090863943099975,0.007830283465662866,0.7655581026877167
googlenet,implicit precomp gemm,471,inception5b.branch1.conv,832,384,1,1,0,0.9796063989400864,0.008465327248501527,1.0576223464040386
googlenet,implicit precomp gemm,471,inception5b.branch2.0.conv,832,192,1,1,0,0.7153360068798065,0.00881372409394463,0.7723054350013369
googlenet,implicit precomp gemm,471,inception5b.branch2.1.conv,192,384,3,1,1,0.9994959980249405,0.00787552903967726,1.0790959550655574
googlenet,implicit precomp gemm,471,inception5b.branch3.0.conv,832,48,1,1,0,0.4816752031445503,0.008251098339069445,0.5200358624704517
googlenet,implicit precomp gemm,471,inception5b.branch3.1.conv,48,128,3,1,1,0.33575359880924227,0.0064497550017325765,0.36249304758568585
googlenet,implicit precomp gemm,471,inception5b.branch4.1.conv,832,128,1,1,0,0.711777600646019,0.004191493593812659,0.7684636369541731
googlenet,implicit precomp gemm,474,conv1.conv,3,64,7,2,3,2.548846387863159,0.11097125918852635,2.737727070668553
googlenet,implicit precomp gemm,474,conv2.conv,64,64,1,1,0,1.520279997587204,0.03401729378690575,1.6329394051399628
googlenet,implicit precomp gemm,474,conv3.conv,64,192,3,1,1,2.8599151968955994,0.16367047996848955,3.071847441116887
googlenet,implicit precomp gemm,474,inception3a.branch1.conv,192,64,1,1,0,1.056441605091095,0.01752729039806763,1.134728555871569
googlenet,implicit precomp gemm,474,inception3a.branch2.0.conv,192,96,1,1,0,1.1781232059001923,0.013094652673980293,1.2654272963384798
googlenet,implicit precomp gemm,474,inception3a.branch2.1.conv,96,128,3,1,1,1.0936064004898072,0.016430040061057645,1.174647425413257
googlenet,implicit precomp gemm,474,inception3a.branch3.0.conv,192,16,1,1,0,0.7119184046983719,0.054806614937452515,0.7646746771130021
googlenet,implicit precomp gemm,474,inception3a.branch3.1.conv,16,32,3,1,1,0.300263999402523,0.008352638724210423,0.3225148770933412
googlenet,implicit precomp gemm,474,inception3a.branch4.1.conv,192,32,1,1,0,0.7937936037778854,0.014051681183800449,0.8526171871064272
googlenet,implicit precomp gemm,474,inception3b.branch1.conv,256,128,1,1,0,1.260155200958252,0.023630176089810252,1.353538221579321
googlenet,implicit precomp gemm,474,inception3b.branch2.0.conv,256,128,1,1,0,1.2625151991844177,0.006751340365997785,1.3560731060122428
googlenet,implicit precomp gemm,474,inception3b.branch2.1.conv,128,192,3,1,1,1.4854687929153443,0.02056751659153303,1.595548537708116
googlenet,implicit precomp gemm,474,inception3b.branch3.0.conv,256,32,1,1,0,0.8021439999341965,0.015651256929818134,0.8615863841976278
googlenet,implicit precomp gemm,474,inception3b.branch3.1.conv,32,96,3,1,1,0.7514000028371811,0.012943123152919313,0.8070820346268038
googlenet,implicit precomp gemm,474,inception3b.branch4.1.conv,256,64,1,1,0,1.153135985136032,0.011832157347653256,1.2385884130567915
googlenet,implicit precomp gemm,474,inception4a.branch1.conv,480,192,1,1,0,1.0445728063583375,0.007950943772081788,1.1219802271603092
googlenet,implicit precomp gemm,474,inception4a.branch2.0.conv,480,96,1,1,0,0.9180639952421188,0.008587135082641636,0.9860965589564641
googlenet,implicit precomp gemm,474,inception4a.branch2.1.conv,96,208,3,1,1,0.7652720063924789,0.008627534983613313,0.8219820144131841
googlenet,implicit precomp gemm,474,inception4a.branch3.0.conv,480,16,1,1,0,0.43257439881563187,0.008263862499042955,0.464630056701287
googlenet,implicit precomp gemm,474,inception4a.branch3.1.conv,16,48,3,1,1,0.22790879830718042,0.003904227042107854,0.24479783863797341
googlenet,implicit precomp gemm,474,inception4a.branch4.1.conv,480,64,1,1,0,0.7721647977828979,0.009739285783992198,0.8293855918401634
googlenet,implicit precomp gemm,474,inception4b.branch1.conv,512,160,1,1,0,1.0286432087421418,0.013343340448692365,1.1048701765796314
googlenet,implicit precomp gemm,474,inception4b.branch2.0.conv,512,112,1,1,0,0.9094223976135254,0.015509497804932345,0.9768145810882491
googlenet,implicit precomp gemm,474,inception4b.branch2.1.conv,112,224,3,1,1,0.7932767927646637,0.011293686693075839,0.8520620781331858
googlenet,implicit precomp gemm,474,inception4b.branch3.0.conv,512,24,1,1,0,0.44443199783563614,0.005468858607729381,0.47736635575201714
googlenet,implicit precomp gemm,474,inception4b.branch3.1.conv,24,64,3,1,1,0.25424320101737974,0.005977262638790666,0.27308373594936164
googlenet,implicit precomp gemm,474,inception4b.branch4.1.conv,512,64,1,1,0,0.7718255966901779,0.0070915100041333825,0.82902125446057
googlenet,implicit precomp gemm,474,inception4c.branch1.conv,512,128,1,1,0,0.9642800092697144,0.011603586954639597,1.0357373820771625
googlenet,implicit precomp gemm,474,inception4c.branch2.0.conv,512,128,1,1,0,0.9578959971666337,0.00938997040766789,1.0288802867114695
googlenet,implicit precomp gemm,474,inception4c.branch2.1.conv,128,256,3,1,1,0.9433167964220047,0.013822576407666605,1.0132207033260838
googlenet,implicit precomp gemm,474,inception4c.branch3.0.conv,512,24,1,1,0,0.45419200211763383,0.007636328543371631,0.48784961910594066
googlenet,implicit precomp gemm,474,inception4c.branch3.1.conv,24,64,3,1,1,0.2622864007949829,0.004976894168625446,0.28172297206448904
googlenet,implicit precomp gemm,474,inception4c.branch4.1.conv,512,64,1,1,0,0.7682431995868683,0.012456618339071057,0.8251733860388728
googlenet,implicit precomp gemm,474,inception4d.branch1.conv,512,112,1,1,0,0.9486768037080765,0.006953250123216099,1.0189779106320769
googlenet,implicit precomp gemm,474,inception4d.branch2.0.conv,512,144,1,1,0,0.9439200013875961,0.013192659881372528,1.0138686084220225
googlenet,implicit precomp gemm,474,inception4d.branch2.1.conv,144,288,3,1,1,1.003295999765396,0.01851216484982807,1.0776446283818422
googlenet,implicit precomp gemm,474,inception4d.branch3.0.conv,512,32,1,1,0,0.4589232012629509,0.008044670441467965,0.49293142083339486
googlenet,implicit precomp gemm,474,inception4d.branch3.1.conv,32,64,3,1,1,0.3806783989071846,0.004441449905632823,0.40888833586424583
googlenet,implicit precomp gemm,474,inception4d.branch4.1.conv,512,64,1,1,0,0.7627632021903992,0.006473991540381407,0.819287296829674
googlenet,implicit precomp gemm,474,inception4e.branch1.conv,528,256,1,1,0,1.0904448211193085,0.009314442486228668,1.1712515591618045
googlenet,implicit precomp gemm,474,inception4e.branch2.0.conv,528,160,1,1,0,1.0021328032016754,0.008119225645984987,1.0763952338572562
googlenet,implicit precomp gemm,474,inception4e.branch2.1.conv,160,320,3,1,1,1.059611201286316,0.01559545428661409,1.1381330330295742
googlenet,implicit precomp gemm,474,inception4e.branch3.0.conv,528,32,1,1,0,0.463816000521183,0.006788213713485524,0.49818679795003584
googlenet,implicit precomp gemm,474,inception4e.branch3.1.conv,32,128,3,1,1,0.39953440278768537,0.008654908460172927,0.4291416522328154
googlenet,implicit precomp gemm,474,inception4e.branch4.1.conv,528,128,1,1,0,0.9800223976373672,0.005682715475973877,1.052646350383892
googlenet,implicit precomp gemm,474,inception5a.branch1.conv,832,256,1,1,0,0.7865583896636963,0.006992068002778413,0.8448458119318312
googlenet,implicit precomp gemm,474,inception5a.branch2.0.conv,832,160,1,1,0,0.693694406747818,0.007501593435745444,0.7451002010823508
googlenet,implicit precomp gemm,474,inception5a.branch2.1.conv,160,320,3,1,1,0.8853967964649201,0.007033919186512419,0.9510085776480945
googlenet,implicit precomp gemm,474,inception5a.branch3.0.conv,832,32,1,1,0,0.38904800415039065,0.007307225526045312,0.4178781655198276
googlenet,implicit precomp gemm,474,inception5a.branch3.1.conv,32,128,3,1,1,0.3452496021986008,0.006946710118837709,0.3708341101203325
googlenet,implicit precomp gemm,474,inception5a.branch4.1.conv,832,128,1,1,0,0.7107119977474212,0.0072398975052468785,0.7633788701222053
googlenet,implicit precomp gemm,474,inception5b.branch1.conv,832,384,1,1,0,0.9737151980400085,0.006850247378935894,1.0458717596670797
googlenet,implicit precomp gemm,474,inception5b.branch2.0.conv,832,192,1,1,0,0.7137296020984649,0.0065179819315376265,0.766620092174565
googlenet,implicit precomp gemm,474,inception5b.branch2.1.conv,192,384,3,1,1,0.99617440700531,0.005963280352950534,1.0699952944014173
googlenet,implicit precomp gemm,474,inception5b.branch3.0.conv,832,48,1,1,0,0.4817471981048584,0.010247970012804834,0.517446775823983
googlenet,implicit precomp gemm,474,inception5b.branch3.1.conv,48,128,3,1,1,0.33296160250902174,0.006930305110037523,0.35763551582500086
googlenet,implicit precomp gemm,474,inception5b.branch4.1.conv,832,128,1,1,0,0.7082112044095993,0.0037196697195900578,0.7606927570430869
googlenet,implicit precomp gemm,477,conv1.conv,3,64,7,2,3,2.5213695883750917,0.015016302964971086,2.71229744325874
googlenet,implicit precomp gemm,477,conv2.conv,64,64,1,1,0,1.5571951925754548,0.01626264027073086,1.6751120339319674
googlenet,implicit precomp gemm,477,conv3.conv,64,192,3,1,1,2.839641606807709,0.012735135209404582,3.0546702496238356
googlenet,implicit precomp gemm,477,inception3a.branch1.conv,192,64,1,1,0,1.0482064008712768,0.010708649736010484,1.1275806427580597
googlenet,implicit precomp gemm,477,inception3a.branch2.0.conv,192,96,1,1,0,1.146910399198532,0.0071315242960409905,1.233758889508057
googlenet,implicit precomp gemm,477,inception3a.branch2.1.conv,96,128,3,1,1,1.1076735973358154,0.007261791204294775,1.1915509252871193
googlenet,implicit precomp gemm,477,inception3a.branch3.0.conv,192,16,1,1,0,0.7006095975637436,0.007286117652771263,0.7536624654140089
googlenet,implicit precomp gemm,477,inception3a.branch3.1.conv,16,32,3,1,1,0.2993919998407364,0.00407621301601385,0.32206311976003227
googlenet,implicit precomp gemm,477,inception3a.branch4.1.conv,192,32,1,1,0,0.7911071985960006,0.008078556358156403,0.8510128947332687
googlenet,implicit precomp gemm,477,inception3b.branch1.conv,256,128,1,1,0,1.253220796585083,0.016179095775043357,1.3481195212666037
googlenet,implicit precomp gemm,477,inception3b.branch2.0.conv,256,128,1,1,0,1.2625135898590087,0.010300678879916838,1.3581160007806778
googlenet,implicit precomp gemm,477,inception3b.branch2.1.conv,128,192,3,1,1,1.4850528061389923,0.00820832779923402,1.5975067470337851
googlenet,implicit precomp gemm,477,inception3b.branch3.0.conv,256,32,1,1,0,0.7865311950445175,0.014527978982974013,0.8460903784983406
googlenet,implicit precomp gemm,477,inception3b.branch3.1.conv,32,96,3,1,1,0.748344001173973,0.007730159663934298,0.8050115026453747
googlenet,implicit precomp gemm,477,inception3b.branch4.1.conv,256,64,1,1,0,1.13747518658638,0.012430454653663294,1.2236092061127577
googlenet,implicit precomp gemm,477,inception4a.branch1.conv,480,192,1,1,0,1.0554927945137025,0.008874722709861166,1.1354187903021744
googlenet,implicit precomp gemm,477,inception4a.branch2.0.conv,480,96,1,1,0,0.9103440016508102,0.011313966447065485,0.9792787695812025
googlenet,implicit precomp gemm,477,inception4a.branch2.1.conv,96,208,3,1,1,0.7297951996326446,0.016052626563197222,0.7850581141266842
googlenet,implicit precomp gemm,477,inception4a.branch3.0.conv,480,16,1,1,0,0.431640000641346,0.005154312874319119,0.4643254505588805
googlenet,implicit precomp gemm,477,inception4a.branch3.1.conv,16,48,3,1,1,0.22699839994311333,0.006428767570178679,0.244187596546016
googlenet,implicit precomp gemm,477,inception4a.branch4.1.conv,480,64,1,1,0,0.7704512029886246,0.014004629665567694,0.8287927472657348
googlenet,implicit precomp gemm,477,inception4b.branch1.conv,512,160,1,1,0,1.0277551889419556,0.00875362082027962,1.105580785980542
googlenet,implicit precomp gemm,477,inception4b.branch2.0.conv,512,112,1,1,0,0.9208415925502778,0.01855910465371545,0.9905712786557453
googlenet,implicit precomp gemm,477,inception4b.branch2.1.conv,112,224,3,1,1,0.7903567999601364,0.02399494346524201,0.8502056730110494
googlenet,implicit precomp gemm,477,inception4b.branch3.0.conv,512,24,1,1,0,0.44356000125408174,0.009719065412824584,0.4771480797103654
googlenet,implicit precomp gemm,477,inception4b.branch3.1.conv,24,64,3,1,1,0.25532960146665573,0.006771949432454788,0.2746641462002354
googlenet,implicit precomp gemm,477,inception4b.branch4.1.conv,512,64,1,1,0,0.7764543980360031,0.012406435294157164,0.8352505274553029
googlenet,implicit precomp gemm,477,inception4c.branch1.conv,512,128,1,1,0,0.9600223988294602,0.007503787711383026,1.0327190070910395
googlenet,implicit precomp gemm,477,inception4c.branch2.0.conv,512,128,1,1,0,0.9355088084936142,0.009818868747906415,1.0063491529056179
googlenet,implicit precomp gemm,477,inception4c.branch2.1.conv,128,256,3,1,1,0.9867408066987992,0.016638199808202164,1.0614606361191956
googlenet,implicit precomp gemm,477,inception4c.branch3.0.conv,512,24,1,1,0,0.44924639761447904,0.006679356860101438,0.4832650719913745
googlenet,implicit precomp gemm,477,inception4c.branch3.1.conv,24,64,3,1,1,0.2619200021028519,0.007172123101344358,0.28175359745641765
googlenet,implicit precomp gemm,477,inception4c.branch4.1.conv,512,64,1,1,0,0.7634336024522781,0.005076691739504744,0.8212437468810628
googlenet,implicit precomp gemm,477,inception4d.branch1.conv,512,112,1,1,0,0.9501040011644364,0.01037841496306977,1.0220495500022815
googlenet,implicit precomp gemm,477,inception4d.branch2.0.conv,512,144,1,1,0,0.9472783952951431,0.01070878069528069,1.01900997833049
googlenet,implicit precomp gemm,477,inception4d.branch2.1.conv,144,288,3,1,1,1.0008000046014787,0.015182891605962288,1.0765844508512838
googlenet,implicit precomp gemm,477,inception4d.branch3.0.conv,512,32,1,1,0,0.4532719969749451,0.006694335530397317,0.4875955053016344
googlenet,implicit precomp gemm,477,inception4d.branch3.1.conv,32,64,3,1,1,0.3801055982708931,0.007450687235459328,0.40888866396730184
googlenet,implicit precomp gemm,477,inception4d.branch4.1.conv,512,64,1,1,0,0.766004791855812,0.009111901220067633,0.824009636688528
googlenet,implicit precomp gemm,477,inception4e.branch1.conv,528,256,1,1,0,1.0902112007141114,0.011340152881679616,1.1727662084694863
googlenet,implicit precomp gemm,477,inception4e.branch2.0.conv,528,160,1,1,0,1.0001423954963684,0.00851349706401569,1.0758770450418866
googlenet,implicit precomp gemm,477,inception4e.branch2.1.conv,160,320,3,1,1,1.0846800088882447,0.009236638722142865,1.1668161734105085
googlenet,implicit precomp gemm,477,inception4e.branch3.0.conv,528,32,1,1,0,0.4661152020096779,0.006047015787504259,0.5014112474838042
googlenet,implicit precomp gemm,477,inception4e.branch3.1.conv,32,128,3,1,1,0.39937120079994204,0.007547999943850504,0.4296131324162348
googlenet,implicit precomp gemm,477,inception4e.branch4.1.conv,528,128,1,1,0,0.9782591968774795,0.007276170927018403,1.0523367660054497
googlenet,implicit precomp gemm,477,inception5a.branch1.conv,832,256,1,1,0,0.7882591962814331,0.006454203144471246,0.8479492306707642
googlenet,implicit precomp gemm,477,inception5a.branch2.0.conv,832,160,1,1,0,0.6966384053230286,0.0072692008590972785,0.7493905591409894
googlenet,implicit precomp gemm,477,inception5a.branch2.1.conv,160,320,3,1,1,0.8848495960235596,0.006602640846388097,0.951853828977887
googlenet,implicit precomp gemm,477,inception5a.branch3.0.conv,832,32,1,1,0,0.3874687999486923,0.005983378770917237,0.4168094357482306
googlenet,implicit precomp gemm,477,inception5a.branch3.1.conv,32,128,3,1,1,0.34755360037088395,0.006381511675047036,0.37387170291398086
googlenet,implicit precomp gemm,477,inception5a.branch4.1.conv,832,128,1,1,0,0.7056383997201919,0.004365142046612822,0.7590720679151556
googlenet,implicit precomp gemm,477,inception5b.branch1.conv,832,384,1,1,0,0.9781888037919998,0.00836538787547622,1.052261042483341
googlenet,implicit precomp gemm,477,inception5b.branch2.0.conv,832,192,1,1,0,0.7135568082332611,0.00833808068991328,0.7675900889397991
googlenet,implicit precomp gemm,477,inception5b.branch2.1.conv,192,384,3,1,1,0.9965903997421265,0.0071259719099173715,1.072056078434248
googlenet,implicit precomp gemm,477,inception5b.branch3.0.conv,832,48,1,1,0,0.4805535987019539,0.007209713140944562,0.5169429754041259
googlenet,implicit precomp gemm,477,inception5b.branch3.1.conv,48,128,3,1,1,0.3340159982442856,0.004850254719941219,0.35930898120704935
googlenet,implicit precomp gemm,477,inception5b.branch4.1.conv,832,128,1,1,0,0.7096623957157135,0.005823901830922761,0.7634007764474777
googlenet,implicit precomp gemm,480,conv1.conv,3,64,7,2,3,2.5354880332946776,0.050934160778490875,2.6639655629262977
googlenet,implicit precomp gemm,480,conv2.conv,64,64,1,1,0,1.5290127992630005,0.0700380237549432,1.6064905016401538
googlenet,implicit precomp gemm,480,conv3.conv,64,192,3,1,1,2.419580817222595,0.013628421336798244,2.5421851293150777
googlenet,implicit precomp gemm,480,inception3a.branch1.conv,192,64,1,1,0,1.071815985441208,0.012380186726171877,1.12612674069657
googlenet,implicit precomp gemm,480,inception3a.branch2.0.conv,192,96,1,1,0,1.1810432016849517,0.006527027217333726,1.2408886874250402
googlenet,implicit precomp gemm,480,inception3a.branch2.1.conv,96,128,3,1,1,1.1138255953788758,0.009321555587681603,1.1702650496597138
googlenet,implicit precomp gemm,480,inception3a.branch3.0.conv,192,16,1,1,0,0.7525215983390808,0.010634180933725765,0.7906531590798398
googlenet,implicit precomp gemm,480,inception3a.branch3.1.conv,16,32,3,1,1,0.30181599855422975,0.008015651884176987,0.31710953312759577
googlenet,implicit precomp gemm,480,inception3a.branch4.1.conv,192,32,1,1,0,0.8353088080883027,0.024129381502158095,0.877635338812751
googlenet,implicit precomp gemm,480,inception3b.branch1.conv,256,128,1,1,0,1.2972992062568665,0.006225121678769641,1.363035583247912
googlenet,implicit precomp gemm,480,inception3b.branch2.0.conv,256,128,1,1,0,1.202340805530548,0.014165854460094699,1.2632654774049128
googlenet,implicit precomp gemm,480,inception3b.branch2.1.conv,128,192,3,1,1,1.5064591765403748,0.01031127546913768,1.582794048151381
googlenet,implicit precomp gemm,480,inception3b.branch3.0.conv,256,32,1,1,0,0.8370048046112061,0.012760613513991693,0.8794172743898581
googlenet,implicit precomp gemm,480,inception3b.branch3.1.conv,32,96,3,1,1,0.7162928014993668,0.010816805008519519,0.7525885869343973
googlenet,implicit precomp gemm,480,inception3b.branch4.1.conv,256,64,1,1,0,1.1657776057720184,0.026884257434743174,1.2248495575709115
googlenet,implicit precomp gemm,480,inception4a.branch1.conv,480,192,1,1,0,1.0216352045536041,0.011317644822023402,1.0734032135294473
googlenet,implicit precomp gemm,480,inception4a.branch2.0.conv,480,96,1,1,0,0.9387039959430694,0.015053535043347747,0.9862697382658134
googlenet,implicit precomp gemm,480,inception4a.branch2.1.conv,96,208,3,1,1,0.7220735996961594,0.013844265570927283,0.7586623080958697
googlenet,implicit precomp gemm,480,inception4a.branch3.0.conv,480,16,1,1,0,0.4407920017838478,0.007785362818642261,0.4631276889284551
googlenet,implicit precomp gemm,480,inception4a.branch3.1.conv,16,48,3,1,1,0.23064159974455833,0.00483715236638097,0.2423286053925246
googlenet,implicit precomp gemm,480,inception4a.branch4.1.conv,480,64,1,1,0,0.9024511992931366,0.00745792230944626,0.9481799501985839
googlenet,implicit precomp gemm,480,inception4b.branch1.conv,512,160,1,1,0,1.0111583858728408,0.007570843522789957,1.062395516467549
googlenet,implicit precomp gemm,480,inception4b.branch2.0.conv,512,112,1,1,0,0.9444096058607101,0.020062669901380264,0.9922644612290036
googlenet,implicit precomp gemm,480,inception4b.branch2.1.conv,112,224,3,1,1,0.9372880011796951,0.008413906565152108,0.9847819926178834
googlenet,implicit precomp gemm,480,inception4b.branch3.0.conv,512,24,1,1,0,0.45834879726171496,0.005704876094561164,0.48157411736124994
googlenet,implicit precomp gemm,480,inception4b.branch3.1.conv,24,64,3,1,1,0.2695887967944145,0.006506389981054487,0.28324932375162526
googlenet,implicit precomp gemm,480,inception4b.branch4.1.conv,512,64,1,1,0,0.9459616065025329,0.015214142391106234,0.9938951044066341
googlenet,implicit precomp gemm,480,inception4c.branch1.conv,512,128,1,1,0,0.9754448086023331,0.007222263060693718,1.0248722709510187
googlenet,implicit precomp gemm,480,inception4c.branch2.0.conv,512,128,1,1,0,0.9628512024879455,0.0187229660295864,1.0116405252037546
googlenet,implicit precomp gemm,480,inception4c.branch2.1.conv,128,256,3,1,1,0.9466719955205918,0.007636576737490938,0.99464149005529
googlenet,implicit precomp gemm,480,inception4c.branch3.0.conv,512,24,1,1,0,0.45943520218133926,0.008669768885187263,0.48271557228245987
googlenet,implicit precomp gemm,480,inception4c.branch3.1.conv,24,64,3,1,1,0.2643792018294334,0.004566023784740051,0.2777757496699246
googlenet,implicit precomp gemm,480,inception4c.branch4.1.conv,512,64,1,1,0,0.9426095992326736,0.01271847281006985,0.9903732451762512
googlenet,implicit precomp gemm,480,inception4d.branch1.conv,512,112,1,1,0,0.9536383956670761,0.008561866885547012,1.0019608896517787
googlenet,implicit precomp gemm,480,inception4d.branch2.0.conv,512,144,1,1,0,0.9495184034109115,0.010009940090814936,0.9976321303179458
googlenet,implicit precomp gemm,480,inception4d.branch2.1.conv,144,288,3,1,1,0.9913456022739411,0.017327861590111796,1.0415787851242757
googlenet,implicit precomp gemm,480,inception4d.branch3.0.conv,512,32,1,1,0,0.4670496001839638,0.006442241080478722,0.4907158048984459
googlenet,implicit precomp gemm,480,inception4d.branch3.1.conv,32,64,3,1,1,0.3603407979011536,0.008088445089595081,0.37859988448799475
googlenet,implicit precomp gemm,480,inception4d.branch4.1.conv,512,64,1,1,0,0.9538255959749222,0.008498282271585089,1.0021575757204655
googlenet,implicit precomp gemm,480,inception4e.branch1.conv,528,256,1,1,0,1.1215968132019043,0.014300606690360367,1.1784300484255117
googlenet,implicit precomp gemm,480,inception4e.branch2.0.conv,528,160,1,1,0,0.9592831999063491,0.008681151357328509,1.0078917258085336
googlenet,implicit precomp gemm,480,inception4e.branch2.1.conv,160,320,3,1,1,1.0830991983413696,0.010302896998252065,1.137981693356764
googlenet,implicit precomp gemm,480,inception4e.branch3.0.conv,528,32,1,1,0,0.6329887926578521,0.007675205702144734,0.6650634210123417
googlenet,implicit precomp gemm,480,inception4e.branch3.1.conv,32,128,3,1,1,0.41487039923667907,0.006151006584857623,0.4358925942978607
googlenet,implicit precomp gemm,480,inception4e.branch4.1.conv,528,128,1,1,0,0.9984096020460129,0.0035542706715944433,1.0490007298868647
googlenet,implicit precomp gemm,480,inception5a.branch1.conv,832,256,1,1,0,0.8004015922546387,0.006041250243292754,0.8409593144508134
googlenet,implicit precomp gemm,480,inception5a.branch2.0.conv,832,160,1,1,0,0.7032160013914108,0.008858558084473233,0.7388491629247329
googlenet,implicit precomp gemm,480,inception5a.branch2.1.conv,160,320,3,1,1,0.8856303989887238,0.006351246715833048,0.9305068110776752
googlenet,implicit precomp gemm,480,inception5a.branch3.0.conv,832,32,1,1,0,0.3928943991661072,0.0073440138015782985,0.4128030325921418
googlenet,implicit precomp gemm,480,inception5a.branch3.1.conv,32,128,3,1,1,0.34272800087928773,0.005800657618752153,0.3600946168168661
googlenet,implicit precomp gemm,480,inception5a.branch4.1.conv,832,128,1,1,0,0.7108991980552674,0.005511049330890712,0.7469216803481764
googlenet,implicit precomp gemm,480,inception5b.branch1.conv,832,384,1,1,0,0.978564801812172,0.007050047913569707,1.028150359570816
googlenet,implicit precomp gemm,480,inception5b.branch2.0.conv,832,192,1,1,0,0.7167264014482498,0.0079996196727704,0.7530441581367626
googlenet,implicit precomp gemm,480,inception5b.branch2.1.conv,192,384,3,1,1,0.9931567996740341,0.003984318896028469,1.0434817590047083
googlenet,implicit precomp gemm,480,inception5b.branch3.0.conv,832,48,1,1,0,0.48256000131368637,0.006086621170690636,0.5070121446697927
googlenet,implicit precomp gemm,480,inception5b.branch3.1.conv,48,128,3,1,1,0.33474560230970385,0.008030630807181968,0.3517077364136912
googlenet,implicit precomp gemm,480,inception5b.branch4.1.conv,832,128,1,1,0,0.7082607984542847,0.005033691324864442,0.7441495885118277
googlenet,implicit precomp gemm,482,conv1.conv,3,64,7,2,3,2.6626399636268614,0.018326119766073335,2.6306362144777613
googlenet,implicit precomp gemm,482,conv2.conv,64,64,1,1,0,1.6467583894729614,0.024033801580207518,1.6269650854116489
googlenet,implicit precomp gemm,482,conv3.conv,64,192,3,1,1,2.5187296152114866,0.05152151941370079,2.4884556045000132
googlenet,implicit precomp gemm,482,inception3a.branch1.conv,192,64,1,1,0,1.1357039928436279,0.024862699856156793,1.1220533355294149
googlenet,implicit precomp gemm,482,inception3a.branch2.0.conv,192,96,1,1,0,1.2711167991161347,0.02802775608952653,1.2558385400447478
googlenet,implicit precomp gemm,482,inception3a.branch2.1.conv,96,128,3,1,1,1.1381936073303223,0.021093873679652594,1.1245130259563045
googlenet,implicit precomp gemm,482,inception3a.branch3.0.conv,192,16,1,1,0,0.7978432029485703,0.016668449750931562,0.788253482191619
googlenet,implicit precomp gemm,482,inception3a.branch3.1.conv,16,32,3,1,1,0.31425759941339493,0.006190660137273784,0.31048036271702795
googlenet,implicit precomp gemm,482,inception3a.branch4.1.conv,192,32,1,1,0,0.865897598862648,0.015129858678221645,0.8554898945085601
googlenet,implicit precomp gemm,482,inception3b.branch1.conv,256,128,1,1,0,1.3720319867134094,0.012659076136376929,1.3555407719314057
googlenet,implicit precomp gemm,482,inception3b.branch2.0.conv,256,128,1,1,0,1.2644800007343293,0.015716195749742753,1.2492815130302566
googlenet,implicit precomp gemm,482,inception3b.branch2.1.conv,128,192,3,1,1,1.5476751983165742,0.017364216981483892,1.5290728301827543
googlenet,implicit precomp gemm,482,inception3b.branch3.0.conv,256,32,1,1,0,0.906990396976471,0.02032124295920205,0.8960887754497141
googlenet,implicit precomp gemm,482,inception3b.branch3.1.conv,32,96,3,1,1,0.7415887951850891,0.012119032647101506,0.7326752274113377
googlenet,implicit precomp gemm,482,inception3b.branch4.1.conv,256,64,1,1,0,1.2050288021564484,0.01787478941603223,1.1905448914405872
googlenet,implicit precomp gemm,482,inception4a.branch1.conv,480,192,1,1,0,1.0771215915679933,0.010429159467014606,1.0641750686844915
googlenet,implicit precomp gemm,482,inception4a.branch2.0.conv,480,96,1,1,0,0.97048160135746,0.01786021567529945,0.9588168437680206
googlenet,implicit precomp gemm,482,inception4a.branch2.1.conv,96,208,3,1,1,0.7596479952335358,0.021688432705426208,0.7505173639002799
googlenet,implicit precomp gemm,482,inception4a.branch3.0.conv,480,16,1,1,0,0.46750719994306567,0.00724626711816401,0.4618879711487995
googlenet,implicit precomp gemm,482,inception4a.branch3.1.conv,16,48,3,1,1,0.23559679985046386,0.007852851557473116,0.23276503100986007
googlenet,implicit precomp gemm,482,inception4a.branch4.1.conv,480,64,1,1,0,0.9437008023262023,0.005476467715486613,0.9323579380403704
googlenet,implicit precomp gemm,482,inception4b.branch1.conv,512,160,1,1,0,1.051553601026535,0.012027083358019827,1.0389143940275363
googlenet,implicit precomp gemm,482,inception4b.branch2.0.conv,512,112,1,1,0,0.968148797750473,0.020501108370276567,0.9565120794237474
googlenet,implicit precomp gemm,482,inception4b.branch2.1.conv,112,224,3,1,1,0.9740032017230987,0.011265051484070946,0.9622961160621797
googlenet,implicit precomp gemm,482,inception4b.branch3.0.conv,512,24,1,1,0,0.4890879988670349,0.007605874277578263,0.4832093784596949
googlenet,implicit precomp gemm,482,inception4b.branch3.1.conv,24,64,3,1,1,0.2712960034608841,0.004713289253813581,0.2680351460567577
googlenet,implicit precomp gemm,482,inception4b.branch4.1.conv,512,64,1,1,0,0.9848336011171341,0.008481087930236875,0.9729963388682699
googlenet,implicit precomp gemm,482,inception4c.branch1.conv,512,128,1,1,0,1.016724818944931,0.009869400850283863,1.0045042384294731
googlenet,implicit precomp gemm,482,inception4c.branch2.0.conv,512,128,1,1,0,1.0082448035478593,0.007710742686174236,0.9961261490491577
googlenet,implicit precomp gemm,482,inception4c.branch2.1.conv,128,256,3,1,1,0.9724368005990982,0.007923321471776198,0.9607485423836182
googlenet,implicit precomp gemm,482,inception4c.branch3.0.conv,512,24,1,1,0,0.48946560323238375,0.0061037888464606374,0.48358244418837065
googlenet,implicit precomp gemm,482,inception4c.branch3.1.conv,24,64,3,1,1,0.2748015999794006,0.006675812781595,0.27149860686292515
googlenet,implicit precomp gemm,482,inception4c.branch4.1.conv,512,64,1,1,0,0.9833247989416123,0.006355198952355994,0.971505671824422
googlenet,implicit precomp gemm,482,inception4d.branch1.conv,512,112,1,1,0,0.9966416090726853,0.010051224360664923,0.9846624198153924
googlenet,implicit precomp gemm,482,inception4d.branch2.0.conv,512,144,1,1,0,0.9893376052379608,0.00894694265331516,0.9774462068610361
googlenet,implicit precomp gemm,482,inception4d.branch2.1.conv,144,288,3,1,1,1.0247968047857285,0.015496153978009868,1.0124792025874625
googlenet,implicit precomp gemm,482,inception4d.branch3.0.conv,512,32,1,1,0,0.495760004222393,0.007028777278204133,0.48980118927556165
googlenet,implicit precomp gemm,482,inception4d.branch3.1.conv,32,64,3,1,1,0.3756560042500496,0.012522590707364941,0.3711407860115327
googlenet,implicit precomp gemm,482,inception4d.branch4.1.conv,512,64,1,1,0,0.9912367969751358,0.011737541412333513,0.9793225711574859
googlenet,implicit precomp gemm,482,inception4e.branch1.conv,528,256,1,1,0,1.1322896122932433,0.02654507042893861,1.1186799943159766
googlenet,implicit precomp gemm,482,inception4e.branch2.0.conv,528,160,1,1,0,1.0132880002260207,0.01593236749848457,1.0011087287443239
googlenet,implicit precomp gemm,482,inception4e.branch2.1.conv,160,320,3,1,1,1.1066144049167632,0.018149468894568185,1.093313391522712
googlenet,implicit precomp gemm,482,inception4e.branch3.0.conv,528,32,1,1,0,0.6657552033662796,0.007944295784930713,0.6577531216675507
googlenet,implicit precomp gemm,482,inception4e.branch3.1.conv,32,128,3,1,1,0.430300797522068,0.00977191557225548,0.42512877315126435
googlenet,implicit precomp gemm,482,inception4e.branch4.1.conv,528,128,1,1,0,1.037507212162018,0.009753439365141461,1.0250368365152907
googlenet,implicit precomp gemm,482,inception5a.branch1.conv,832,256,1,1,0,0.8332431972026825,0.013777459358590125,0.82322798424571
googlenet,implicit precomp gemm,482,inception5a.branch2.0.conv,832,160,1,1,0,0.7327760010957718,0.01097426949304013,0.7239683591907785
googlenet,implicit precomp gemm,482,inception5a.branch2.1.conv,160,320,3,1,1,0.9117871999740601,0.008246843212211159,0.9008279230068571
googlenet,implicit precomp gemm,482,inception5a.branch3.0.conv,832,32,1,1,0,0.41079840064048767,0.007867151207105755,0.4058607864138006
googlenet,implicit precomp gemm,482,inception5a.branch3.1.conv,32,128,3,1,1,0.35161919742822645,0.00853896195443394,0.34739289092632425
googlenet,implicit precomp gemm,482,inception5a.branch4.1.conv,832,128,1,1,0,0.736724802851677,0.007327934801561184,0.727869698104331
googlenet,implicit precomp gemm,482,inception5b.branch1.conv,832,384,1,1,0,1.0160848021507263,0.009299972192267818,1.0038719143527266
googlenet,implicit precomp gemm,482,inception5b.branch2.0.conv,832,192,1,1,0,0.7457136005163193,0.008639952753357062,0.7367504544154517
googlenet,implicit precomp gemm,482,inception5b.branch2.1.conv,192,384,3,1,1,1.021342396736145,0.008884792856916388,1.0090663149875783
googlenet,implicit precomp gemm,482,inception5b.branch3.0.conv,832,48,1,1,0,0.5093103960156441,0.008334458430154235,0.5031887113809288
googlenet,implicit precomp gemm,482,inception5b.branch3.1.conv,48,128,3,1,1,0.34115840047597884,0.006588221347925264,0.337057828104914
googlenet,implicit precomp gemm,482,inception5b.branch4.1.conv,832,128,1,1,0,0.73544160425663,0.004925410341227117,0.7266019229861737
googlenet,implicit precomp gemm,485,conv1.conv,3,64,7,2,3,2.6763568043708803,0.0186891030765218,2.715585014017242
googlenet,implicit precomp gemm,485,conv2.conv,64,64,1,1,0,1.673390406370163,0.014309897545889141,1.6979178197457236
googlenet,implicit precomp gemm,485,conv3.conv,64,192,3,1,1,2.982912027835846,0.012985686592862263,3.026633514520094
googlenet,implicit precomp gemm,485,inception3a.branch1.conv,192,64,1,1,0,1.1304655969142914,0.00876418869237609,1.147035189339834
googlenet,implicit precomp gemm,485,inception3a.branch2.0.conv,192,96,1,1,0,1.2550623953342437,0.01591352857086635,1.2734582425109096
googlenet,implicit precomp gemm,485,inception3a.branch2.1.conv,96,128,3,1,1,1.1453248023986817,0.017848543799145775,1.162112190906932
googlenet,implicit precomp gemm,485,inception3a.branch3.0.conv,192,16,1,1,0,0.8660688012838363,0.31282822247314396,0.8787630461055471
googlenet,implicit precomp gemm,485,inception3a.branch3.1.conv,16,32,3,1,1,0.31786719858646395,0.00848347206534504,0.32252627882774093
googlenet,implicit precomp gemm,485,inception3a.branch4.1.conv,192,32,1,1,0,0.8672255903482438,0.008413887032410248,0.8799367905937834
googlenet,implicit precomp gemm,485,inception3b.branch1.conv,256,128,1,1,0,1.3517488062381744,0.01680829745068348,1.3715618167731412
googlenet,implicit precomp gemm,485,inception3b.branch2.0.conv,256,128,1,1,0,1.3221471965312959,0.015863456574082155,1.3415263268939497
googlenet,implicit precomp gemm,485,inception3b.branch2.1.conv,128,192,3,1,1,1.5448447942733765,0.009036052730853159,1.5674880738846284
googlenet,implicit precomp gemm,485,inception3b.branch3.0.conv,256,32,1,1,0,0.9209935992956162,0.012152411482106088,0.9344928942839084
googlenet,implicit precomp gemm,485,inception3b.branch3.1.conv,32,96,3,1,1,0.7611712008714676,0.004576938316549516,0.7723279283286565
googlenet,implicit precomp gemm,485,inception3b.branch4.1.conv,256,64,1,1,0,1.2048255920410156,0.01161840546100678,1.2224851024750127
googlenet,implicit precomp gemm,485,inception4a.branch1.conv,480,192,1,1,0,1.0778976023197173,0.006008001103908593,1.0936966889930833
googlenet,implicit precomp gemm,485,inception4a.branch2.0.conv,480,96,1,1,0,0.9666576027870178,0.00936785445200592,0.9808262095424585
googlenet,implicit precomp gemm,485,inception4a.branch2.1.conv,96,208,3,1,1,0.7475263983011246,0.00504564643913689,0.7584831295638828
googlenet,implicit precomp gemm,485,inception4a.branch3.0.conv,480,16,1,1,0,0.4723071977496147,0.01003534172798208,0.4792299539906918
googlenet,implicit precomp gemm,485,inception4a.branch3.1.conv,16,48,3,1,1,0.23633600100874902,0.0032549605849873527,0.2398000526551562
googlenet,implicit precomp gemm,485,inception4a.branch4.1.conv,480,64,1,1,0,0.948376002907753,0.005528470808357615,0.9622766504615043
googlenet,implicit precomp gemm,485,inception4b.branch1.conv,512,160,1,1,0,1.0533920049667358,0.009267376857110134,1.0688319053354574
googlenet,implicit precomp gemm,485,inception4b.branch2.0.conv,512,112,1,1,0,0.9697760045528412,0.010896911886159636,0.9839903187109836
googlenet,implicit precomp gemm,485,inception4b.branch2.1.conv,112,224,3,1,1,0.9659887969493866,0.007513445269459673,0.9801476008057636
googlenet,implicit precomp gemm,485,inception4b.branch3.0.conv,512,24,1,1,0,0.4957775980234146,0.007728779588900777,0.5030443673575594
googlenet,implicit precomp gemm,485,inception4b.branch3.1.conv,24,64,3,1,1,0.2726528003811836,0.005990426238912124,0.2766491588624418
googlenet,implicit precomp gemm,485,inception4b.branch4.1.conv,512,64,1,1,0,0.9876704066991806,0.004926517856711563,1.0021470047791627
googlenet,implicit precomp gemm,485,inception4c.branch1.conv,512,128,1,1,0,1.025102400779724,0.00999546401578665,1.0401276514567273
googlenet,implicit precomp gemm,485,inception4c.branch2.0.conv,512,128,1,1,0,1.0182480037212371,0.012575982436803902,1.033172787328838
googlenet,implicit precomp gemm,485,inception4c.branch2.1.conv,128,256,3,1,1,0.971339201927185,0.013955885515891026,0.9855764283645195
googlenet,implicit precomp gemm,485,inception4c.branch3.0.conv,512,24,1,1,0,0.495830400288105,0.007364986465758626,0.503097943561773
googlenet,implicit precomp gemm,485,inception4c.branch3.1.conv,24,64,3,1,1,0.25806240290403365,0.006477164152834065,0.26184490530671417
googlenet,implicit precomp gemm,485,inception4c.branch4.1.conv,512,64,1,1,0,1.0013552069664002,0.010199249570451827,1.0160323874997288
googlenet,implicit precomp gemm,485,inception4d.branch1.conv,512,112,1,1,0,1.0013200014829635,0.009687494319127398,1.015996665998367
googlenet,implicit precomp gemm,485,inception4d.branch2.0.conv,512,144,1,1,0,0.9929920047521591,0.010531808854958335,1.0075466031808746
googlenet,implicit precomp gemm,485,inception4d.branch2.1.conv,144,288,3,1,1,1.0333071947097778,0.006080925949957426,1.0484527056509834
googlenet,implicit precomp gemm,485,inception4d.branch3.0.conv,512,32,1,1,0,0.50122080296278,0.005227610996465864,0.5085673550763214
googlenet,implicit precomp gemm,485,inception4d.branch3.1.conv,32,64,3,1,1,0.36914720088243486,0.007018862987698675,0.37455790836468617
googlenet,implicit precomp gemm,485,inception4d.branch4.1.conv,512,64,1,1,0,0.9984688103199005,0.007141305664502558,1.0131036840230687
googlenet,implicit precomp gemm,485,inception4e.branch1.conv,528,256,1,1,0,1.1592368006706237,0.01522602095470258,1.17622810174536
googlenet,implicit precomp gemm,485,inception4e.branch2.0.conv,528,160,1,1,0,1.0106639921665193,0.011563889142617908,1.025477614513879
googlenet,implicit precomp gemm,485,inception4e.branch2.1.conv,160,320,3,1,1,1.1215120136737824,0.008456950099182667,1.1379503705929563
googlenet,implicit precomp gemm,485,inception4e.branch3.0.conv,528,32,1,1,0,0.6723151981830597,0.009074007229929161,0.6821695350561134
googlenet,implicit precomp gemm,485,inception4e.branch3.1.conv,32,128,3,1,1,0.4281264007091522,0.009631321187109784,0.4344015850099647
googlenet,implicit precomp gemm,485,inception4e.branch4.1.conv,528,128,1,1,0,1.0382623970508575,0.008908215468524903,1.0534805379627599
googlenet,implicit precomp gemm,485,inception5a.branch1.conv,832,256,1,1,0,0.8339200019836426,0.009432918253644704,0.8461430316681314
googlenet,implicit precomp gemm,485,inception5a.branch2.0.conv,832,160,1,1,0,0.7328688025474548,0.007572716029629682,0.7436106927852056
googlenet,implicit precomp gemm,485,inception5a.branch2.1.conv,160,320,3,1,1,0.9200912058353424,0.006140899091631177,0.9335772741567772
googlenet,implicit precomp gemm,485,inception5a.branch3.0.conv,832,32,1,1,0,0.4128943979740143,0.009129360662362552,0.4189463219846995
googlenet,implicit precomp gemm,485,inception5a.branch3.1.conv,32,128,3,1,1,0.353574401140213,0.006969649388989949,0.3587568531626276
googlenet,implicit precomp gemm,485,inception5a.branch4.1.conv,832,128,1,1,0,0.7405536055564881,0.009125676323374559,0.7514081343867604
googlenet,implicit precomp gemm,485,inception5b.branch1.conv,832,384,1,1,0,1.0130560040473937,0.00575005529952787,1.0279046868707655
googlenet,implicit precomp gemm,485,inception5b.branch2.0.conv,832,192,1,1,0,0.7458528071641922,0.008542994726606686,0.7567850080714035
googlenet,implicit precomp gemm,485,inception5b.branch2.1.conv,192,384,3,1,1,1.0275823891162872,0.007794363486953396,1.0426439897680877
googlenet,implicit precomp gemm,485,inception5b.branch3.0.conv,832,48,1,1,0,0.507569606602192,0.00876040030608869,0.5150092151422022
googlenet,implicit precomp gemm,485,inception5b.branch3.1.conv,48,128,3,1,1,0.3446271985769272,0.00894411338784967,0.34967850861658084
googlenet,implicit precomp gemm,485,inception5b.branch4.1.conv,832,128,1,1,0,0.736764794588089,0.00823300936715819,0.7475637896155678
googlenet,implicit precomp gemm,488,conv1.conv,3,64,7,2,3,2.6896624088287355,0.011541866859088356,2.7227363685984565
googlenet,implicit precomp gemm,488,conv2.conv,64,64,1,1,0,1.5422975897789002,0.031580842803358725,1.5612627536856594
googlenet,implicit precomp gemm,488,conv3.conv,64,192,3,1,1,3.003943991661072,0.008105011477949727,3.040882576371396
googlenet,implicit precomp gemm,488,inception3a.branch1.conv,192,64,1,1,0,1.1290575981140136,0.005227448024683435,1.142941275654788
googlenet,implicit precomp gemm,488,inception3a.branch2.0.conv,192,96,1,1,0,1.2655616044998168,0.012660743750906237,1.2811238302482737
googlenet,implicit precomp gemm,488,inception3a.branch2.1.conv,96,128,3,1,1,1.1504527926445007,0.007351330458260105,1.1645995603786183
googlenet,implicit precomp gemm,488,inception3a.branch3.0.conv,192,16,1,1,0,0.7146992027759552,0.009890213824383497,0.7234876412812759
googlenet,implicit precomp gemm,488,inception3a.branch3.1.conv,16,32,3,1,1,0.3263199970126152,0.009262471365504812,0.33033265466728
googlenet,implicit precomp gemm,488,inception3a.branch4.1.conv,192,32,1,1,0,0.7742511957883835,0.00808766766383001,0.7837719270210868
googlenet,implicit precomp gemm,488,inception3b.branch1.conv,256,128,1,1,0,1.4013151943683624,0.010029405431375552,1.4185467406810541
googlenet,implicit precomp gemm,488,inception3b.branch2.0.conv,256,128,1,1,0,1.3574767887592316,0.009072944431636299,1.3741692675448143
googlenet,implicit precomp gemm,488,inception3b.branch2.1.conv,128,192,3,1,1,1.5591567993164062,0.010674994993071537,1.578329275790037
googlenet,implicit precomp gemm,488,inception3b.branch3.0.conv,256,32,1,1,0,0.8277935981750488,0.014702276356523998,0.8379727240288383
googlenet,implicit precomp gemm,488,inception3b.branch3.1.conv,32,96,3,1,1,0.7690880000591278,0.008473553491706023,0.7785452410458908
googlenet,implicit precomp gemm,488,inception3b.branch4.1.conv,256,64,1,1,0,1.194777601957321,0.014469815236082699,1.2094694183768055
googlenet,implicit precomp gemm,488,inception4a.branch1.conv,480,192,1,1,0,1.0857183992862702,0.006826902503302502,1.0990691478937422
googlenet,implicit precomp gemm,488,inception4a.branch2.0.conv,480,96,1,1,0,0.9661744087934494,0.009897875068626202,0.9780551613451736
googlenet,implicit precomp gemm,488,inception4a.branch2.1.conv,96,208,3,1,1,0.7955359995365143,0.008995455537294767,0.8053184635207187
googlenet,implicit precomp gemm,488,inception4a.branch3.0.conv,480,16,1,1,0,0.4723583981394768,0.006447786537781411,0.47816684555119426
googlenet,implicit precomp gemm,488,inception4a.branch3.1.conv,16,48,3,1,1,0.23380800113081932,0.005294230027989395,0.23668306693753782
googlenet,implicit precomp gemm,488,inception4a.branch4.1.conv,480,64,1,1,0,0.9302448064088822,0.005633794884654169,0.9416837435789033
googlenet,implicit precomp gemm,488,inception4b.branch1.conv,512,160,1,1,0,1.0483407914638518,0.00892711271385061,1.0612319190075987
googlenet,implicit precomp gemm,488,inception4b.branch2.0.conv,512,112,1,1,0,1.0004592001438142,0.009044434232598332,1.012761542336719
googlenet,implicit precomp gemm,488,inception4b.branch2.1.conv,112,224,3,1,1,0.9556639939546585,0.00912244901221588,0.9674155031350212
googlenet,implicit precomp gemm,488,inception4b.branch3.0.conv,512,24,1,1,0,0.4917856022715569,0.009296536251853256,0.4978329400978459
googlenet,implicit precomp gemm,488,inception4b.branch3.1.conv,24,64,3,1,1,0.2616815999150276,0.0042621129923459036,0.26489941887983764
googlenet,implicit precomp gemm,488,inception4b.branch4.1.conv,512,64,1,1,0,0.9850464016199112,0.005316085609031144,0.9971592173218167
googlenet,implicit precomp gemm,488,inception4c.branch1.conv,512,128,1,1,0,1.0190848052501678,0.010884065743590571,1.0316161808384727
googlenet,implicit precomp gemm,488,inception4c.branch2.0.conv,512,128,1,1,0,1.0135984033346177,0.009772188341049417,1.0260623143089103
googlenet,implicit precomp gemm,488,inception4c.branch2.1.conv,128,256,3,1,1,0.9700416058301926,0.008411811662327365,0.9819699121265039
googlenet,implicit precomp gemm,488,inception4c.branch3.0.conv,512,24,1,1,0,0.48815199732780457,0.00972133924114976,0.49415465382035656
googlenet,implicit precomp gemm,488,inception4c.branch3.1.conv,24,64,3,1,1,0.26084000170230864,0.006970525889510835,0.2640474717901227
googlenet,implicit precomp gemm,488,inception4c.branch4.1.conv,512,64,1,1,0,0.9830976009368897,0.006119305470097367,0.9951864528301112
googlenet,implicit precomp gemm,488,inception4d.branch1.conv,512,112,1,1,0,0.9986672043800354,0.009382334094190516,1.0109475109466088
googlenet,implicit precomp gemm,488,inception4d.branch2.0.conv,512,144,1,1,0,0.9904528051614762,0.009835683918263775,1.0026321017617448
googlenet,implicit precomp gemm,488,inception4d.branch2.1.conv,144,288,3,1,1,1.0462703824043273,0.008686032585096974,1.0591360507582086
googlenet,implicit precomp gemm,488,inception4d.branch3.0.conv,512,32,1,1,0,0.5032703965902329,0.007034086510399245,0.5094589594356962
googlenet,implicit precomp gemm,488,inception4d.branch3.1.conv,32,64,3,1,1,0.3780031979084015,0.0057482042990551,0.3826513881494558
googlenet,implicit precomp gemm,488,inception4d.branch4.1.conv,512,64,1,1,0,0.985847994685173,0.006024851831275352,0.9979706673329558
googlenet,implicit precomp gemm,488,inception4e.branch1.conv,528,256,1,1,0,1.1610640108585357,0.00847692584498072,1.1753412615124306
googlenet,implicit precomp gemm,488,inception4e.branch2.0.conv,528,160,1,1,0,1.0234351992607116,0.007444158951641972,1.0360200703196805
googlenet,implicit precomp gemm,488,inception4e.branch2.1.conv,160,320,3,1,1,1.1227248072624207,0.0052402211501018925,1.1365306124021206
googlenet,implicit precomp gemm,488,inception4e.branch3.0.conv,528,32,1,1,0,0.6703936010599136,0.012112274661097157,0.6786372270698371
googlenet,implicit precomp gemm,488,inception4e.branch3.1.conv,32,128,3,1,1,0.43016160279512405,0.0065973605855508015,0.43545116906136794
googlenet,implicit precomp gemm,488,inception4e.branch4.1.conv,528,128,1,1,0,1.039499193429947,0.010213474149035479,1.0522815985345084
googlenet,implicit precomp gemm,488,inception5a.branch1.conv,832,256,1,1,0,0.8190336018800736,0.006301409249824832,0.8291050087264175
googlenet,implicit precomp gemm,488,inception5a.branch2.0.conv,832,160,1,1,0,0.7290111929178238,0.0054597389098980835,0.7379756216086126
googlenet,implicit precomp gemm,488,inception5a.branch2.1.conv,160,320,3,1,1,0.9148288011550904,0.008594199297943684,0.9260781724019309
googlenet,implicit precomp gemm,488,inception5a.branch3.0.conv,832,32,1,1,0,0.41040160357952116,0.006453356032979655,0.41544818715137133
googlenet,implicit precomp gemm,488,inception5a.branch3.1.conv,32,128,3,1,1,0.3519232004880905,0.006529367734190753,0.3562506929409605
googlenet,implicit precomp gemm,488,inception5a.branch4.1.conv,832,128,1,1,0,0.7368959963321686,0.006985558298856538,0.7459573820500037
googlenet,implicit precomp gemm,488,inception5b.branch1.conv,832,384,1,1,0,1.014339205622673,0.0070327585179447896,1.0268122260171635
googlenet,implicit precomp gemm,488,inception5b.branch2.0.conv,832,192,1,1,0,0.7492544054985046,0.009926827011985967,0.7584677588113224
googlenet,implicit precomp gemm,488,inception5b.branch2.1.conv,192,384,3,1,1,1.014088001847267,0.0066313231203862085,1.0265579332654107
googlenet,implicit precomp gemm,488,inception5b.branch3.0.conv,832,48,1,1,0,0.5081472083926201,0.00756592877188066,0.5143957399080649
googlenet,implicit precomp gemm,488,inception5b.branch3.1.conv,48,128,3,1,1,0.34268320351839066,0.006339979513697657,0.34689707454165486
googlenet,implicit precomp gemm,488,inception5b.branch4.1.conv,832,128,1,1,0,0.7386416018009185,0.008632594286441059,0.7477244526977508
googlenet,implicit precomp gemm,491,conv1.conv,3,64,7,2,3,2.676975977420807,0.06419731270160677,2.69695107377903
googlenet,implicit precomp gemm,491,conv2.conv,64,64,1,1,0,1.6646128177642823,0.011041988395507858,1.6770338487015906
googlenet,implicit precomp gemm,491,conv3.conv,64,192,3,1,1,2.949443221092224,0.010987637767300563,2.9714514172962065
googlenet,implicit precomp gemm,491,inception3a.branch1.conv,192,64,1,1,0,1.131937599182129,0.004579954380278822,1.1403839068090444
googlenet,implicit precomp gemm,491,inception3a.branch2.0.conv,192,96,1,1,0,1.2712672054767609,0.007755633636697418,1.2807531646861945
googlenet,implicit precomp gemm,491,inception3a.branch2.1.conv,96,128,3,1,1,1.1476127862930299,0.01997300972044559,1.156176059247843
googlenet,implicit precomp gemm,491,inception3a.branch3.0.conv,192,16,1,1,0,0.7165120005607605,0.008557374463514518,0.7218584797125136
googlenet,implicit precomp gemm,491,inception3a.branch3.1.conv,16,32,3,1,1,0.31898399740457534,0.009197094060975648,0.3213641966064473
googlenet,implicit precomp gemm,491,inception3a.branch4.1.conv,192,32,1,1,0,0.7808479994535447,0.01664948887040464,0.7866745418512983
googlenet,implicit precomp gemm,491,inception3b.branch1.conv,256,128,1,1,0,1.379828780889511,0.009740662443047582,1.390124806363252
googlenet,implicit precomp gemm,491,inception3b.branch2.0.conv,256,128,1,1,0,1.3563568115234375,0.013649499344123172,1.3664776935316565
googlenet,implicit precomp gemm,491,inception3b.branch2.1.conv,128,192,3,1,1,1.5626735985279083,0.011077169536283429,1.5743339779897818
googlenet,implicit precomp gemm,491,inception3b.branch3.0.conv,256,32,1,1,0,0.8306912064552308,0.013149838747444804,0.8368896695840851
googlenet,implicit precomp gemm,491,inception3b.branch3.1.conv,32,96,3,1,1,0.7641616016626358,0.008242055092384362,0.7698636332666593
googlenet,implicit precomp gemm,491,inception3b.branch4.1.conv,256,64,1,1,0,1.2096816003322601,0.013797541192433385,1.218708019221789
googlenet,implicit precomp gemm,491,inception4a.branch1.conv,480,192,1,1,0,1.0849504053592682,0.009440562135378222,1.0930461032937058
googlenet,implicit precomp gemm,491,inception4a.branch2.0.conv,480,96,1,1,0,0.9630208015441895,0.00876618492891783,0.9702066834751704
googlenet,implicit precomp gemm,491,inception4a.branch2.1.conv,96,208,3,1,1,0.7410559952259064,0.018468130702761563,0.7465856170963792
googlenet,implicit precomp gemm,491,inception4a.branch3.0.conv,480,16,1,1,0,0.4717791974544525,0.006515578253523216,0.4752995259924909
googlenet,implicit precomp gemm,491,inception4a.branch3.1.conv,16,48,3,1,1,0.23671040162444115,0.007324944058814342,0.23847669057186663
googlenet,implicit precomp gemm,491,inception4a.branch4.1.conv,480,64,1,1,0,0.942494398355484,0.006412361346649433,0.9495271160873685
googlenet,implicit precomp gemm,491,inception4b.branch1.conv,512,160,1,1,0,1.0441648006439208,0.00790261132225244,1.0519561639892216
googlenet,implicit precomp gemm,491,inception4b.branch2.0.conv,512,112,1,1,0,0.9980656027793884,0.014038936968503161,1.00551298249273
googlenet,implicit precomp gemm,491,inception4b.branch2.1.conv,112,224,3,1,1,0.9160111993551254,0.015583889927035318,0.9228463043865718
googlenet,implicit precomp gemm,491,inception4b.branch3.0.conv,512,24,1,1,0,0.4897919982671738,0.005770463646025648,0.49344673497134833
googlenet,implicit precomp gemm,491,inception4b.branch3.1.conv,24,64,3,1,1,0.2758607968688011,0.007396593625914855,0.27791921877672554
googlenet,implicit precomp gemm,491,inception4b.branch4.1.conv,512,64,1,1,0,0.9855648070573807,0.004451373694131806,0.9929189081603769
googlenet,implicit precomp gemm,491,inception4c.branch1.conv,512,128,1,1,0,1.0173712015151977,0.00686141372381041,1.024962636012091
googlenet,implicit precomp gemm,491,inception4c.branch2.0.conv,512,128,1,1,0,1.0110080063343048,0.007875904559436049,1.0185519598534245
googlenet,implicit precomp gemm,491,inception4c.branch2.1.conv,128,256,3,1,1,0.9767360001802444,0.009369092269679644,0.9840242223700242
googlenet,implicit precomp gemm,491,inception4c.branch3.0.conv,512,24,1,1,0,0.4922815963625908,0.008396048068798519,0.49595490998425307
googlenet,implicit precomp gemm,491,inception4c.branch3.1.conv,24,64,3,1,1,0.2702544003725052,0.004304830575774107,0.2722709883935437
googlenet,implicit precomp gemm,491,inception4c.branch4.1.conv,512,64,1,1,0,0.9830607920885086,0.012240346583594111,0.9903962086979914
googlenet,implicit precomp gemm,491,inception4d.branch1.conv,512,112,1,1,0,0.9967280030250549,0.009963905342692314,1.0041654018180568
googlenet,implicit precomp gemm,491,inception4d.branch2.0.conv,512,144,1,1,0,0.9857472062110901,0.010228956975120416,0.9931026683426133
googlenet,implicit precomp gemm,491,inception4d.branch2.1.conv,144,288,3,1,1,1.0431376159191132,0.00930654170358549,1.0509213146032335
googlenet,implicit precomp gemm,491,inception4d.branch3.0.conv,512,32,1,1,0,0.500614395737648,0.006769070037887182,0.5043498871568902
googlenet,implicit precomp gemm,491,inception4d.branch3.1.conv,32,64,3,1,1,0.3807215988636017,0.007173282507816287,0.3835624725535794
googlenet,implicit precomp gemm,491,inception4d.branch4.1.conv,512,64,1,1,0,0.9967632055282593,0.008044520777621847,1.0042008669957863
googlenet,implicit precomp gemm,491,inception4e.branch1.conv,528,256,1,1,0,1.154440015554428,0.009158172040600604,1.1630542320229322
googlenet,implicit precomp gemm,491,inception4e.branch2.0.conv,528,160,1,1,0,1.0143711924552918,0.006882054654883049,1.0219402414431062
googlenet,implicit precomp gemm,491,inception4e.branch2.1.conv,160,320,3,1,1,1.1175183951854706,0.011680766530849764,1.1258571093966543
googlenet,implicit precomp gemm,491,inception4e.branch3.0.conv,528,32,1,1,0,0.6626415967941284,0.008531749820873942,0.667586105022283
googlenet,implicit precomp gemm,491,inception4e.branch3.1.conv,32,128,3,1,1,0.4306864023208618,0.005663345638274636,0.4339001040720536
googlenet,implicit precomp gemm,491,inception4e.branch4.1.conv,528,128,1,1,0,1.0365008115768433,0.011110726551591114,1.0442349876625667
googlenet,implicit precomp gemm,491,inception5a.branch1.conv,832,256,1,1,0,0.8243808031082154,0.009716654366486076,0.830532179182132
googlenet,implicit precomp gemm,491,inception5a.branch2.0.conv,832,160,1,1,0,0.7258240014314652,0.010107155649299244,0.7312399650000563
googlenet,implicit precomp gemm,491,inception5a.branch2.1.conv,160,320,3,1,1,0.9109583973884583,0.0053378309876772325,0.9177557993523334
googlenet,implicit precomp gemm,491,inception5a.branch3.0.conv,832,32,1,1,0,0.41242879927158355,0.007654953488943771,0.41550626618792597
googlenet,implicit precomp gemm,491,inception5a.branch3.1.conv,32,128,3,1,1,0.3508768007159233,0.007840439880394342,0.3534949780784704
googlenet,implicit precomp gemm,491,inception5a.branch4.1.conv,832,128,1,1,0,0.7332544028759003,0.006668530892270294,0.7387258107167166
googlenet,implicit precomp gemm,491,inception5b.branch1.conv,832,384,1,1,0,1.006990411877632,0.007748156596635361,1.0145043868548909
googlenet,implicit precomp gemm,491,inception5b.branch2.0.conv,832,192,1,1,0,0.7483135998249054,0.008786894476233112,0.7538973765897133
googlenet,implicit precomp gemm,491,inception5b.branch2.1.conv,192,384,3,1,1,1.0131840109825134,0.008913403233082276,1.020744201443201
googlenet,implicit precomp gemm,491,inception5b.branch3.0.conv,832,48,1,1,0,0.5082048013806343,0.009072402554139247,0.5119969309936427
googlenet,implicit precomp gemm,491,inception5b.branch3.1.conv,48,128,3,1,1,0.34452480226755144,0.009333810794661874,0.34709558220025843
googlenet,implicit precomp gemm,491,inception5b.branch4.1.conv,832,128,1,1,0,0.7366080015897751,0.004912748336694329,0.7421044333598391
googlenet,implicit precomp gemm,494,conv1.conv,3,64,7,2,3,3.304643225669861,0.7966989659908792,3.326447876797764
googlenet,implicit precomp gemm,494,conv2.conv,64,64,1,1,0,1.668636792898178,0.03839067039249213,1.6796467690570878
googlenet,implicit precomp gemm,494,conv3.conv,64,192,3,1,1,3.167953610420227,0.4655029218258854,3.188856358023364
googlenet,implicit precomp gemm,494,inception3a.branch1.conv,192,64,1,1,0,1.1562688052654266,0.01969226724403442,1.1638980820699685
googlenet,implicit precomp gemm,494,inception3a.branch2.0.conv,192,96,1,1,0,1.2935728073120116,0.014446214450854856,1.3021080414797677
googlenet,implicit precomp gemm,494,inception3a.branch2.1.conv,96,128,3,1,1,1.1488928020000457,0.020608322709176542,1.1564734105620766
googlenet,implicit precomp gemm,494,inception3a.branch3.0.conv,192,16,1,1,0,0.7242608070373535,0.012169014205462509,0.7290396146557953
googlenet,implicit precomp gemm,494,inception3a.branch3.1.conv,16,32,3,1,1,0.3170527994632721,0.008680002112111574,0.3191447728502087
googlenet,implicit precomp gemm,494,inception3a.branch4.1.conv,192,32,1,1,0,0.7916927993297577,0.01384524806932816,0.796916535785108
googlenet,implicit precomp gemm,494,inception3b.branch1.conv,256,128,1,1,0,1.354523205757141,0.024592037910775487,1.36346060199912
googlenet,implicit precomp gemm,494,inception3b.branch2.0.conv,256,128,1,1,0,1.3595136046409606,0.01779719633788811,1.3684839284636858
googlenet,implicit precomp gemm,494,inception3b.branch2.1.conv,128,192,3,1,1,1.557811200618744,0.031107147099264272,1.5680899288907635
googlenet,implicit precomp gemm,494,inception3b.branch3.0.conv,256,32,1,1,0,0.8255616039037704,0.017520572041267075,0.8310088130360256
googlenet,implicit precomp gemm,494,inception3b.branch3.1.conv,32,96,3,1,1,0.7843951970338822,0.013181869955349897,0.7895707825509116
googlenet,implicit precomp gemm,494,inception3b.branch4.1.conv,256,64,1,1,0,1.2117552042007447,0.02560372089928436,1.2197505905936774
googlenet,implicit precomp gemm,494,inception4a.branch1.conv,480,192,1,1,0,1.0852335929870605,0.008069824825862128,1.0923941662385246
googlenet,implicit precomp gemm,494,inception4a.branch2.0.conv,480,96,1,1,0,0.9752831995487213,0.014320190526606423,0.9817182996381582
googlenet,implicit precomp gemm,494,inception4a.branch2.1.conv,96,208,3,1,1,0.7821743994951248,0.023995307028758066,0.7873353317766152
googlenet,implicit precomp gemm,494,inception4a.branch3.0.conv,480,16,1,1,0,0.4759264007210732,0.007566691976200877,0.47906665170177565
googlenet,implicit precomp gemm,494,inception4a.branch3.1.conv,16,48,3,1,1,0.23268159925937654,0.007130567130007707,0.23421687576254727
googlenet,implicit precomp gemm,494,inception4a.branch4.1.conv,480,64,1,1,0,0.9418735951185226,0.007286930145202848,0.9480882524190789
googlenet,implicit precomp gemm,494,inception4b.branch1.conv,512,160,1,1,0,1.0475871920585633,0.00924197402298182,1.0544993673492156
googlenet,implicit precomp gemm,494,inception4b.branch2.0.conv,512,112,1,1,0,0.9971423983573914,0.01797005685462326,1.00372172950943
googlenet,implicit precomp gemm,494,inception4b.branch2.1.conv,112,224,3,1,1,0.9638655990362167,0.013108670047494615,0.9702253636722046
googlenet,implicit precomp gemm,494,inception4b.branch3.0.conv,512,24,1,1,0,0.49434560537338257,0.008431158816746153,0.49760738969492413
googlenet,implicit precomp gemm,494,inception4b.branch3.1.conv,24,64,3,1,1,0.273479999601841,0.003808077324022323,0.2752844715446688
googlenet,implicit precomp gemm,494,inception4b.branch4.1.conv,512,64,1,1,0,0.98782399892807,0.005082060468206864,0.9943418455461511
googlenet,implicit precomp gemm,494,inception4c.branch1.conv,512,128,1,1,0,1.0254815936088562,0.00727892101073571,1.0322479120462102
googlenet,implicit precomp gemm,494,inception4c.branch2.0.conv,512,128,1,1,0,1.0098799914121628,0.014388982924139787,1.0165433675741473
googlenet,implicit precomp gemm,494,inception4c.branch2.1.conv,128,256,3,1,1,0.9914848029613494,0.03419187268594373,0.9980268042458625
googlenet,implicit precomp gemm,494,inception4c.branch3.0.conv,512,24,1,1,0,0.4911103993654251,0.006565858674296798,0.49435083719552625
googlenet,implicit precomp gemm,494,inception4c.branch3.1.conv,24,64,3,1,1,0.2721519961953163,0.006355761479874959,0.27394770572447386
googlenet,implicit precomp gemm,494,inception4c.branch4.1.conv,512,64,1,1,0,0.985536003112793,0.005424751658740656,0.9920387531085981
googlenet,implicit precomp gemm,494,inception4d.branch1.conv,512,112,1,1,0,1.0076256006956101,0.009508655690472746,1.0142741019680153
googlenet,implicit precomp gemm,494,inception4d.branch2.0.conv,512,144,1,1,0,0.9942064017057419,0.011131965666472942,1.0007663606053678
googlenet,implicit precomp gemm,494,inception4d.branch2.1.conv,144,288,3,1,1,1.0198447942733764,0.011538156962713004,1.0265739200594834
googlenet,implicit precomp gemm,494,inception4d.branch3.0.conv,512,32,1,1,0,0.5033519983291626,0.007748599137234877,0.5066732085078727
googlenet,implicit precomp gemm,494,inception4d.branch3.1.conv,32,64,3,1,1,0.3832736015319824,0.011483778326172403,0.3858025120972813
googlenet,implicit precomp gemm,494,inception4d.branch4.1.conv,512,64,1,1,0,0.9942288041114807,0.006932908668061995,1.0007889108263497
googlenet,implicit precomp gemm,494,inception4e.branch1.conv,528,256,1,1,0,1.15423840880394,0.01835685733810048,1.1618542886746919
googlenet,implicit precomp gemm,494,inception4e.branch2.0.conv,528,160,1,1,0,1.0183247923851013,0.00965634895201617,1.0250438889158169
googlenet,implicit precomp gemm,494,inception4e.branch2.1.conv,160,320,3,1,1,1.1024031937122345,0.022201128835371155,1.1096770551852257
googlenet,implicit precomp gemm,494,inception4e.branch3.0.conv,528,32,1,1,0,0.6683871984481812,0.010234021201882408,0.672797341596861
googlenet,implicit precomp gemm,494,inception4e.branch3.1.conv,32,128,3,1,1,0.43344480246305467,0.007578652619066492,0.4363047519509435
googlenet,implicit precomp gemm,494,inception4e.branch4.1.conv,528,128,1,1,0,1.0397263884544372,0.010076728034321535,1.0465866966997026
googlenet,implicit precomp gemm,494,inception5a.branch1.conv,832,256,1,1,0,0.8242159962654114,0.01115084116996172,0.8296543268279978
googlenet,implicit precomp gemm,494,inception5a.branch2.0.conv,832,160,1,1,0,0.7319279968738556,0.008696385919471526,0.7367573940380061
googlenet,implicit precomp gemm,494,inception5a.branch2.1.conv,160,320,3,1,1,0.9163312047719956,0.006214108978718716,0.9223773286265955
googlenet,implicit precomp gemm,494,inception5a.branch3.0.conv,832,32,1,1,0,0.4111248001456261,0.009130712529556837,0.41383747810358845
googlenet,implicit precomp gemm,494,inception5a.branch3.1.conv,32,128,3,1,1,0.35258080065250397,0.0060408001555800495,0.3549071944044547
googlenet,implicit precomp gemm,494,inception5a.branch4.1.conv,832,128,1,1,0,0.7385008007287979,0.006913917169186099,0.7433735664762423
googlenet,implicit precomp gemm,494,inception5b.branch1.conv,832,384,1,1,0,1.0113792091608047,0.006926426517850117,1.0180524774405584
googlenet,implicit precomp gemm,494,inception5b.branch2.0.conv,832,192,1,1,0,0.7550751984119415,0.00902833132693228,0.7600573251204509
googlenet,implicit precomp gemm,494,inception5b.branch2.1.conv,192,384,3,1,1,1.0204927921295166,0.009443519426961759,1.0272261935260965
googlenet,implicit precomp gemm,494,inception5b.branch3.0.conv,832,48,1,1,0,0.5106736049056053,0.00960809695314691,0.5140431244073477
googlenet,implicit precomp gemm,494,inception5b.branch3.1.conv,48,128,3,1,1,0.344888000190258,0.005371730909474738,0.3471636354128241
googlenet,implicit precomp gemm,494,inception5b.branch4.1.conv,832,128,1,1,0,0.7387792021036148,0.008019821636344803,0.7436538047951519
googlenet,implicit precomp gemm,497,conv1.conv,3,64,7,2,3,2.704734432697296,0.07190550496048072,2.5316731920320312
googlenet,implicit precomp gemm,497,conv2.conv,64,64,1,1,0,1.6978240013122559,0.018132627243952013,1.5891894808409266
googlenet,implicit precomp gemm,497,conv3.conv,64,192,3,1,1,3.0792447924613953,0.1441043783589128,2.8822206714781045
googlenet,implicit precomp gemm,497,inception3a.branch1.conv,192,64,1,1,0,1.1512416064739228,0.009550185192116747,1.07757991965051
googlenet,implicit precomp gemm,497,inception3a.branch2.0.conv,192,96,1,1,0,0.9965552031993866,0.023047019375737308,0.9327910577172293
googlenet,implicit precomp gemm,497,inception3a.branch2.1.conv,96,128,3,1,1,1.1811807990074157,0.00899426716556405,1.1056034661443301
googlenet,implicit precomp gemm,497,inception3a.branch3.0.conv,192,16,1,1,0,0.7286640048027039,0.013316884026944135,0.6820407595868991
googlenet,implicit precomp gemm,497,inception3a.branch3.1.conv,16,32,3,1,1,0.3237872004508972,0.008185575846419964,0.30306981912718467
googlenet,implicit precomp gemm,497,inception3a.branch4.1.conv,192,32,1,1,0,0.8036191999912262,0.013877739080153204,0.752199979644992
googlenet,implicit precomp gemm,497,inception3b.branch1.conv,256,128,1,1,0,1.5138687908649444,0.03497296508964036,1.417004563462685
googlenet,implicit precomp gemm,497,inception3b.branch2.0.conv,256,128,1,1,0,1.5051472067832947,0.008948128436399812,1.4088410260947868
googlenet,implicit precomp gemm,497,inception3b.branch2.1.conv,128,192,3,1,1,1.5337263822555542,0.014125976515640922,1.4355915756196598
googlenet,implicit precomp gemm,497,inception3b.branch3.0.conv,256,32,1,1,0,0.8405280023813247,0.022081871325342027,0.7867471885803388
googlenet,implicit precomp gemm,497,inception3b.branch3.1.conv,32,96,3,1,1,0.8949120014905929,0.011097334882984578,0.8376514514743206
googlenet,implicit precomp gemm,497,inception3b.branch4.1.conv,256,64,1,1,0,1.1721696078777313,0.010526593167157159,1.097168852107732
googlenet,implicit precomp gemm,497,inception4a.branch1.conv,480,192,1,1,0,1.1730400145053863,0.01360540559441409,1.0979835661509159
googlenet,implicit precomp gemm,497,inception4a.branch2.0.conv,480,96,1,1,0,0.9908208012580871,0.012007879808115183,0.9274235689569199
googlenet,implicit precomp gemm,497,inception4a.branch2.1.conv,96,208,3,1,1,0.760892802476883,0.01832852822573957,0.712207411845537
googlenet,implicit precomp gemm,497,inception4a.branch3.0.conv,480,16,1,1,0,0.4820112004876137,0.00611625005096781,0.4511699262528815
googlenet,implicit precomp gemm,497,inception4a.branch3.1.conv,16,48,3,1,1,0.2447696015238762,0.0077999678013246495,0.2291081264434481
googlenet,implicit precomp gemm,497,inception4a.branch4.1.conv,480,64,1,1,0,0.9939199984073639,0.01378049474630856,0.9303244653424558
googlenet,implicit precomp gemm,497,inception4b.branch1.conv,512,160,1,1,0,1.098851203918457,0.014795570161808018,1.0285416939134386
googlenet,implicit precomp gemm,497,inception4b.branch2.0.conv,512,112,1,1,0,1.009529599547386,0.01641268885147647,0.9449352930328834
googlenet,implicit precomp gemm,497,inception4b.branch2.1.conv,112,224,3,1,1,0.9752479940652847,0.02084109971181436,0.9128471809692148
googlenet,implicit precomp gemm,497,inception4b.branch3.0.conv,512,24,1,1,0,0.6722783923149109,0.012714884118166674,0.629262955664281
googlenet,implicit precomp gemm,497,inception4b.branch3.1.conv,24,64,3,1,1,0.296084800362587,0.005944728973921704,0.2771399448997249
googlenet,implicit precomp gemm,497,inception4b.branch4.1.conv,512,64,1,1,0,1.006067192554474,0.005127439981124917,0.941694426625486
googlenet,implicit precomp gemm,497,inception4c.branch1.conv,512,128,1,1,0,1.0347168087959289,0.012838773063735672,0.9685109097979818
googlenet,implicit precomp gemm,497,inception4c.branch2.0.conv,512,128,1,1,0,1.0237967997789383,0.01709072283295841,0.9582896127453564
googlenet,implicit precomp gemm,497,inception4c.branch2.1.conv,128,256,3,1,1,0.9875247955322266,0.019741049702026323,0.9243384567048368
googlenet,implicit precomp gemm,497,inception4c.branch3.0.conv,512,24,1,1,0,0.6667599976062775,0.0078634136067927,0.6240976530090526
googlenet,implicit precomp gemm,497,inception4c.branch3.1.conv,24,64,3,1,1,0.29208319932222365,0.005249135266519011,0.2733943845383727
googlenet,implicit precomp gemm,497,inception4c.branch4.1.conv,512,64,1,1,0,0.9996432095766068,0.009522254672504437,0.9356814793673266
googlenet,implicit precomp gemm,497,inception4d.branch1.conv,512,112,1,1,0,1.0143168032169343,0.013202364207782674,0.9494161895854172
googlenet,implicit precomp gemm,497,inception4d.branch2.0.conv,512,144,1,1,0,1.0490991830825807,0.010695416589482195,0.9819730342043973
googlenet,implicit precomp gemm,497,inception4d.branch2.1.conv,144,288,3,1,1,1.0575648069381713,0.012047659702593848,0.9898969888484963
googlenet,implicit precomp gemm,497,inception4d.branch3.0.conv,512,32,1,1,0,0.6809200048446655,0.0079036176051198,0.6373516384247877
googlenet,implicit precomp gemm,497,inception4d.branch3.1.conv,32,64,3,1,1,0.41399199813604354,0.006330915193994648,0.3875029025868488
googlenet,implicit precomp gemm,497,inception4d.branch4.1.conv,512,64,1,1,0,1.00656159222126,0.0076638112906427915,0.9421571923474811
googlenet,implicit precomp gemm,497,inception4e.branch1.conv,528,256,1,1,0,1.140492820739746,0.016632723676755033,1.067518890234408
googlenet,implicit precomp gemm,497,inception4e.branch2.0.conv,528,160,1,1,0,1.0768528163433075,0.03112074579192406,1.0079508634723158
googlenet,implicit precomp gemm,497,inception4e.branch2.1.conv,160,320,3,1,1,1.1450863897800445,0.04674753107010245,1.071818541784107
googlenet,implicit precomp gemm,497,inception4e.branch3.0.conv,528,32,1,1,0,0.6934896051883698,0.03050021838851181,0.6491169784300829
googlenet,implicit precomp gemm,497,inception4e.branch3.1.conv,32,128,3,1,1,0.4504415988922119,0.027650813785136317,0.4216202917024365
googlenet,implicit precomp gemm,497,inception4e.branch4.1.conv,528,128,1,1,0,1.0696223855018616,0.04211461891842218,1.001183068561717
googlenet,implicit precomp gemm,497,inception5a.branch1.conv,832,256,1,1,0,0.847529599070549,0.032125739207611914,0.7933007911910958
googlenet,implicit precomp gemm,497,inception5a.branch2.0.conv,832,160,1,1,0,0.7547807961702346,0.02191395624711648,0.7064864795687807
googlenet,implicit precomp gemm,497,inception5a.branch2.1.conv,160,320,3,1,1,0.9369855940341949,0.01981409961583838,0.8770329837413876
googlenet,implicit precomp gemm,497,inception5a.branch3.0.conv,832,32,1,1,0,0.4183920010924339,0.010069773679415403,0.3916213732932118
googlenet,implicit precomp gemm,497,inception5a.branch3.1.conv,32,128,3,1,1,0.3617344036698341,0.010734350853802588,0.3385889872719731
googlenet,implicit precomp gemm,497,inception5a.branch4.1.conv,832,128,1,1,0,0.7576256036758423,0.015961117579510554,0.7091492633198849
googlenet,implicit precomp gemm,497,inception5b.branch1.conv,832,384,1,1,0,1.1043008029460908,0.026078357158059673,1.0336426027489969
googlenet,implicit precomp gemm,497,inception5b.branch2.0.conv,832,192,1,1,0,0.7695008009672165,0.010317164214193394,0.7202646313461211
googlenet,implicit precomp gemm,497,inception5b.branch2.1.conv,192,384,3,1,1,1.039905595779419,0.017010763974141398,0.9733676945330977
googlenet,implicit precomp gemm,497,inception5b.branch3.0.conv,832,48,1,1,0,0.6932912021875381,0.009203609129991078,0.6489312701578207
googlenet,implicit precomp gemm,497,inception5b.branch3.1.conv,48,128,3,1,1,0.37258880138397216,0.006968026982504291,0.3487488711320432
googlenet,implicit precomp gemm,497,inception5b.branch4.1.conv,832,128,1,1,0,0.7558272004127502,0.007473475859340657,0.7074659300970025
googlenet,implicit precomp gemm,500,conv1.conv,3,64,7,2,3,2.63995521068573,0.031682295022449444,2.5616537810677342
googlenet,implicit precomp gemm,500,conv2.conv,64,64,1,1,0,1.73234880566597,0.007897909123382839,1.680967105123619
googlenet,implicit precomp gemm,500,conv3.conv,64,192,3,1,1,2.99857439994812,0.018797338286451106,2.90963627653546
googlenet,implicit precomp gemm,500,inception3a.branch1.conv,192,64,1,1,0,1.1456479847431182,0.005741287360013618,1.1116679101262232
googlenet,implicit precomp gemm,500,inception3a.branch2.0.conv,192,96,1,1,0,1.01353759765625,0.012229957019556738,0.9834759350390804
googlenet,implicit precomp gemm,500,inception3a.branch2.1.conv,96,128,3,1,1,1.1803200125694275,0.008244203356043771,1.1453115609044804
googlenet,implicit precomp gemm,500,inception3a.branch3.0.conv,192,16,1,1,0,0.7289152026176453,0.012025208538812135,0.7072954788419427
googlenet,implicit precomp gemm,500,inception3a.branch3.1.conv,16,32,3,1,1,0.3152224004268646,0.0054936092518371804,0.30587286127516494
googlenet,implicit precomp gemm,500,inception3a.branch4.1.conv,192,32,1,1,0,0.796865600347519,0.015884191532312224,0.7732304585587286
googlenet,implicit precomp gemm,500,inception3b.branch1.conv,256,128,1,1,0,1.4971631944179535,0.011449514758827252,1.4527571310045064
googlenet,implicit precomp gemm,500,inception3b.branch2.0.conv,256,128,1,1,0,1.501251208782196,0.013315024139971798,1.4567238943082297
googlenet,implicit precomp gemm,500,inception3b.branch2.1.conv,128,192,3,1,1,1.5411759853363036,0.011324975487277159,1.4954644965745645
googlenet,implicit precomp gemm,500,inception3b.branch3.0.conv,256,32,1,1,0,0.839137601852417,0.015914614905184178,0.8142486667654488
googlenet,implicit precomp gemm,500,inception3b.branch3.1.conv,32,96,3,1,1,0.894115200638771,0.012810374168422635,0.8675956225149394
googlenet,implicit precomp gemm,500,inception3b.branch4.1.conv,256,64,1,1,0,1.17920480966568,0.015334825120379815,1.144229435070118
googlenet,implicit precomp gemm,500,inception4a.branch1.conv,480,192,1,1,0,1.1552479922771455,0.009531122132149841,1.1209831801346988
googlenet,implicit precomp gemm,500,inception4a.branch2.0.conv,480,96,1,1,0,1.0016944020986558,0.009401582779340315,0.9719840102680707
googlenet,implicit precomp gemm,500,inception4a.branch2.1.conv,96,208,3,1,1,0.7548847973346711,0.007053832129149144,0.7324948118572878
googlenet,implicit precomp gemm,500,inception4a.branch3.0.conv,480,16,1,1,0,0.48466720134019853,0.011148493241484573,0.4702919064108452
googlenet,implicit precomp gemm,500,inception4a.branch3.1.conv,16,48,3,1,1,0.23810560181736945,0.0044872239457584805,0.23104335737212733
googlenet,implicit precomp gemm,500,inception4a.branch4.1.conv,480,64,1,1,0,0.9916751980781555,0.0041960794331091225,0.9622619771977684
googlenet,implicit precomp gemm,500,inception4b.branch1.conv,512,160,1,1,0,1.115031999349594,0.007630277607079912,1.0819599990120556
googlenet,implicit precomp gemm,500,inception4b.branch2.0.conv,512,112,1,1,0,0.9867119908332824,0.010571198002863096,0.9574459793529604
googlenet,implicit precomp gemm,500,inception4b.branch2.1.conv,112,224,3,1,1,0.9213088035583497,0.009444997868480895,0.893982659483532
googlenet,implicit precomp gemm,500,inception4b.branch3.0.conv,512,24,1,1,0,0.6661407977342606,0.006576190250945187,0.6463829713217752
googlenet,implicit precomp gemm,500,inception4b.branch3.1.conv,24,64,3,1,1,0.28028800040483476,0.006320200101529927,0.2719746202960991
googlenet,implicit precomp gemm,500,inception4b.branch4.1.conv,512,64,1,1,0,1.0191264033317566,0.005683216767553889,0.9888989759802167
googlenet,implicit precomp gemm,500,inception4c.branch1.conv,512,128,1,1,0,1.0186463922262192,0.014394754204929382,0.9884332020691755
googlenet,implicit precomp gemm,500,inception4c.branch2.0.conv,512,128,1,1,0,1.0089344054460525,0.010020164897583865,0.9790092741341891
googlenet,implicit precomp gemm,500,inception4c.branch2.1.conv,128,256,3,1,1,0.9646223992109298,0.008747222154681144,0.9360115680142379
googlenet,implicit precomp gemm,500,inception4c.branch3.0.conv,512,24,1,1,0,0.6607087969779968,0.010708164880883367,0.6411120844447091
googlenet,implicit precomp gemm,500,inception4c.branch3.1.conv,24,64,3,1,1,0.2799791991710663,0.00879354642026118,0.27167497814880825
googlenet,implicit precomp gemm,500,inception4c.branch4.1.conv,512,64,1,1,0,1.0127584010362625,0.00880844044627684,0.9827198494965278
googlenet,implicit precomp gemm,500,inception4d.branch1.conv,512,112,1,1,0,1.0228143990039826,0.008412178207033445,0.9924775852005848
googlenet,implicit precomp gemm,500,inception4d.branch2.0.conv,512,144,1,1,0,1.053121602535248,0.00993449758311134,1.0218858729644098
googlenet,implicit precomp gemm,500,inception4d.branch2.1.conv,144,288,3,1,1,1.0704047918319701,0.013538781547308866,1.0386564405223941
googlenet,implicit precomp gemm,500,inception4d.branch3.0.conv,512,32,1,1,0,0.686881598830223,0.011094177500232812,0.6665085974440629
googlenet,implicit precomp gemm,500,inception4d.branch3.1.conv,32,64,3,1,1,0.40230880081653597,0.008340840511876656,0.3903762672173566
googlenet,implicit precomp gemm,500,inception4d.branch4.1.conv,512,64,1,1,0,1.0171936005353928,0.008560871197723755,0.9870235003769476
googlenet,implicit precomp gemm,500,inception4e.branch1.conv,528,256,1,1,0,1.1565216064453125,0.01278012679193758,1.122219018733892
googlenet,implicit precomp gemm,500,inception4e.branch2.0.conv,528,160,1,1,0,1.0847215950489044,0.007588520593774411,1.0525486054140614
googlenet,implicit precomp gemm,500,inception4e.branch2.1.conv,160,320,3,1,1,1.13400000333786,0.008535269717774461,1.1003654094293134
googlenet,implicit precomp gemm,500,inception4e.branch3.0.conv,528,32,1,1,0,0.689401599764824,0.008389411785907372,0.6689538548091445
googlenet,implicit precomp gemm,500,inception4e.branch3.1.conv,32,128,3,1,1,0.4416095972061157,0.007262033938730252,0.42851139665547666
googlenet,implicit precomp gemm,500,inception4e.branch4.1.conv,528,128,1,1,0,1.0568367958068847,0.003286619457970389,1.0254908730997014
googlenet,implicit precomp gemm,500,inception5a.branch1.conv,832,256,1,1,0,0.8341615974903107,0.007483196272353283,0.8094202513676405
googlenet,implicit precomp gemm,500,inception5a.branch2.0.conv,832,160,1,1,0,0.742156806588173,0.005557016707336028,0.7201443350426858
googlenet,implicit precomp gemm,500,inception5a.branch2.1.conv,160,320,3,1,1,0.9237967967987061,0.0068674941181046025,0.8963968585069216
googlenet,implicit precomp gemm,500,inception5a.branch3.0.conv,832,32,1,1,0,0.41631200164556503,0.006090454082075183,0.4039641312104792
googlenet,implicit precomp gemm,500,inception5a.branch3.1.conv,32,128,3,1,1,0.35824000239372256,0.0075552689914726995,0.3476145553330141
googlenet,implicit precomp gemm,500,inception5a.branch4.1.conv,832,128,1,1,0,0.7554592043161392,0.007524961362991391,0.7330521818497762
googlenet,implicit precomp gemm,500,inception5b.branch1.conv,832,384,1,1,0,1.0910671949386597,0.010831752360200137,1.0587059939504042
googlenet,implicit precomp gemm,500,inception5b.branch2.0.conv,832,192,1,1,0,0.7650623977184295,0.008708944455074946,0.7423705432332302
googlenet,implicit precomp gemm,500,inception5b.branch2.1.conv,192,384,3,1,1,1.0310192048549651,0.009655127001618366,1.0004390353971724
googlenet,implicit precomp gemm,500,inception5b.branch3.0.conv,832,48,1,1,0,0.6985488057136535,0.007616175259824547,0.6778297533888549
googlenet,implicit precomp gemm,500,inception5b.branch3.1.conv,48,128,3,1,1,0.3704719990491867,0.007367965574255662,0.35948374930859617
googlenet,implicit precomp gemm,500,inception5b.branch4.1.conv,832,128,1,1,0,0.7558688014745713,0.008641917103033364,0.7334496303009337
googlenet,implicit precomp gemm,503,conv1.conv,3,64,7,2,3,2.676692819595337,0.08613969334153072,2.573462131939092
googlenet,implicit precomp gemm,503,conv2.conv,64,64,1,1,0,1.733955204486847,0.0306517319682778,1.6670826120048436
googlenet,implicit precomp gemm,503,conv3.conv,64,192,3,1,1,2.589959979057312,0.04995883403667493,2.490074273950268
googlenet,implicit precomp gemm,503,inception3a.branch1.conv,192,64,1,1,0,1.160891193151474,0.007381312892865835,1.116119676866231
googlenet,implicit precomp gemm,503,inception3a.branch2.0.conv,192,96,1,1,0,1.3661007940769196,0.023171081256039745,1.3134150606420223
googlenet,implicit precomp gemm,503,inception3a.branch2.1.conv,96,128,3,1,1,1.1377888023853302,0.0239275667850085,1.093908264574656
googlenet,implicit precomp gemm,503,inception3a.branch3.0.conv,192,16,1,1,0,0.7293791979551315,0.00859601773947658,0.7012495912943074
googlenet,implicit precomp gemm,503,inception3a.branch3.1.conv,16,32,3,1,1,0.3281711980700493,0.005625784371488292,0.3155147818396405
googlenet,implicit precomp gemm,503,inception3a.branch4.1.conv,192,32,1,1,0,0.811505600810051,0.016987683178816576,0.7802086658030744
googlenet,implicit precomp gemm,503,inception3b.branch1.conv,256,128,1,1,0,1.5748959958553315,0.012761299909702479,1.514157761176691
googlenet,implicit precomp gemm,503,inception3b.branch2.0.conv,256,128,1,1,0,1.5234127938747406,0.010544913323904668,1.464660086375123
googlenet,implicit precomp gemm,503,inception3b.branch2.1.conv,128,192,3,1,1,1.586684799194336,0.014646472230755405,1.5254919115699332
googlenet,implicit precomp gemm,503,inception3b.branch3.0.conv,256,32,1,1,0,0.8449456065893173,0.01580493887801165,0.8123590074241859
googlenet,implicit precomp gemm,503,inception3b.branch3.1.conv,32,96,3,1,1,0.9454832017421723,0.009234403769508478,0.9090192188866315
googlenet,implicit precomp gemm,503,inception3b.branch4.1.conv,256,64,1,1,0,1.1749471962451934,0.011571477193123885,1.1296335890429647
googlenet,implicit precomp gemm,503,inception4a.branch1.conv,480,192,1,1,0,1.1467152059078216,0.010794881099840477,1.1024904079089113
googlenet,implicit precomp gemm,503,inception4a.branch2.0.conv,480,96,1,1,0,0.9811024010181427,0.009701446373346845,0.9432647101270348
googlenet,implicit precomp gemm,503,inception4a.branch2.1.conv,96,208,3,1,1,0.7528800040483474,0.008628617867124787,0.7238440534261548
googlenet,implicit precomp gemm,503,inception4a.branch3.0.conv,480,16,1,1,0,0.48223999738693235,0.006703224724781099,0.46364168600014977
googlenet,implicit precomp gemm,503,inception4a.branch3.1.conv,16,48,3,1,1,0.24231359958648682,0.006345535531789369,0.23296841087799888
googlenet,implicit precomp gemm,503,inception4a.branch4.1.conv,480,64,1,1,0,0.9895248025655746,0.007177214167614575,0.9513622890810435
googlenet,implicit precomp gemm,503,inception4b.branch1.conv,512,160,1,1,0,1.0868479907512665,0.008758291880462073,1.0449320620194729
googlenet,implicit precomp gemm,503,inception4b.branch2.0.conv,512,112,1,1,0,1.0009888023138047,0.009777722566168996,0.9623841624228974
googlenet,implicit precomp gemm,503,inception4b.branch2.1.conv,112,224,3,1,1,0.9278703987598419,0.018806745385725156,0.8920856801628331
googlenet,implicit precomp gemm,503,inception4b.branch3.0.conv,512,24,1,1,0,0.6670384019613266,0.007056586928282087,0.6413130619359437
googlenet,implicit precomp gemm,503,inception4b.branch3.1.conv,24,64,3,1,1,0.27857600152492523,0.0036412467261938623,0.26783229870201675
googlenet,implicit precomp gemm,503,inception4b.branch4.1.conv,512,64,1,1,0,1.020225614309311,0.007203755942439271,0.9808790778077531
googlenet,implicit precomp gemm,503,inception4c.branch1.conv,512,128,1,1,0,1.043503999710083,0.006844443107805043,1.0032596972359575
googlenet,implicit precomp gemm,503,inception4c.branch2.0.conv,512,128,1,1,0,1.0119216024875641,0.008812905346317377,0.9728953227014534
googlenet,implicit precomp gemm,503,inception4c.branch2.1.conv,128,256,3,1,1,0.9672751933336258,0.011883518338775372,0.9299707695201551
googlenet,implicit precomp gemm,503,inception4c.branch3.0.conv,512,24,1,1,0,0.6698767989873886,0.007931417391758679,0.6440419919082232
googlenet,implicit precomp gemm,503,inception4c.branch3.1.conv,24,64,3,1,1,0.2788752019405365,0.004929970048278992,0.26811996000323113
googlenet,implicit precomp gemm,503,inception4c.branch4.1.conv,512,64,1,1,0,1.0139440029859543,0.010380037406233118,0.9748397262804225
googlenet,implicit precomp gemm,503,inception4d.branch1.conv,512,112,1,1,0,1.0226880043745041,0.01208300665174238,0.983246502093591
googlenet,implicit precomp gemm,503,inception4d.branch2.0.conv,512,144,1,1,0,1.062771201133728,0.006568796647910112,1.0217838300349125
googlenet,implicit precomp gemm,503,inception4d.branch2.1.conv,144,288,3,1,1,1.0551359951496124,0.008151692470581097,1.0144430872624017
googlenet,implicit precomp gemm,503,inception4d.branch3.0.conv,512,32,1,1,0,0.6853151947259903,0.006170503627063722,0.6588849826766551
googlenet,implicit precomp gemm,503,inception4d.branch3.1.conv,32,64,3,1,1,0.4047664001584053,0.005835433335420798,0.3891559746651983
googlenet,implicit precomp gemm,503,inception4d.branch4.1.conv,512,64,1,1,0,1.0202959895133972,0.005776164851848329,0.980946738886162
googlenet,implicit precomp gemm,503,inception4e.branch1.conv,528,256,1,1,0,1.1475055992603302,0.011842060642846725,1.1032503185520477
googlenet,implicit precomp gemm,503,inception4e.branch2.0.conv,528,160,1,1,0,1.083462405204773,0.008529059233357918,1.041677046675703
googlenet,implicit precomp gemm,503,inception4e.branch2.1.conv,160,320,3,1,1,1.153135997056961,0.012141728984335768,1.1086635715825441
googlenet,implicit precomp gemm,503,inception4e.branch3.0.conv,528,32,1,1,0,0.6884880006313324,0.009768737499918157,0.6619354245464193
googlenet,implicit precomp gemm,503,inception4e.branch3.1.conv,32,128,3,1,1,0.440803200006485,0.007068066338959295,0.4238029610830577
googlenet,implicit precomp gemm,503,inception4e.branch4.1.conv,528,128,1,1,0,1.0595936059951783,0.009177212565114145,1.0187287836359284
googlenet,implicit precomp gemm,503,inception5a.branch1.conv,832,256,1,1,0,0.8436671972274781,0.010244095905589683,0.8111299018437006
googlenet,implicit precomp gemm,503,inception5a.branch2.0.conv,832,160,1,1,0,0.7501439929008484,0.007794488024382431,0.7212135606669161
googlenet,implicit precomp gemm,503,inception5a.branch2.1.conv,160,320,3,1,1,0.9335327982902527,0.005604129662227603,0.897529700732076
googlenet,implicit precomp gemm,503,inception5a.branch3.0.conv,832,32,1,1,0,0.4179248005151749,0.010116276215618438,0.4018069015056415
googlenet,implicit precomp gemm,503,inception5a.branch3.1.conv,32,128,3,1,1,0.3593616008758545,0.0076755325562132505,0.3455022798121577
googlenet,implicit precomp gemm,503,inception5a.branch4.1.conv,832,128,1,1,0,0.7586784034967422,0.004591574415405733,0.729418828871832
googlenet,implicit precomp gemm,503,inception5b.branch1.conv,832,384,1,1,0,1.0955071926116944,0.008653272583290723,1.0532573087259651
googlenet,implicit precomp gemm,503,inception5b.branch2.0.conv,832,192,1,1,0,0.7583088010549546,0.008982639402960726,0.7290634807045527
googlenet,implicit precomp gemm,503,inception5b.branch2.1.conv,192,384,3,1,1,1.05414559841156,0.011052055196109729,1.0134908866653383
googlenet,implicit precomp gemm,503,inception5b.branch3.0.conv,832,48,1,1,0,0.6935344010591507,0.009240912958045583,0.6667872029456883
googlenet,implicit precomp gemm,503,inception5b.branch3.1.conv,48,128,3,1,1,0.3725584000349045,0.0061400787411297975,0.3581901245472719
googlenet,implicit precomp gemm,503,inception5b.branch4.1.conv,832,128,1,1,0,0.7588703989982605,0.008799494421959802,0.7296034197778346
googlenet,implicit precomp gemm,506,conv1.conv,3,64,7,2,3,2.7711568236351014,0.015530247345904427,2.6697463539853716
googlenet,implicit precomp gemm,506,conv2.conv,64,64,1,1,0,1.7550800025463105,0.009249546257347661,1.6908528589169585
googlenet,implicit precomp gemm,506,conv3.conv,64,192,3,1,1,2.56644321680069,0.009006706618275103,2.4725242405358547
googlenet,implicit precomp gemm,506,inception3a.branch1.conv,192,64,1,1,0,1.1804447948932648,0.0083059374489349,1.1372464237203643
googlenet,implicit precomp gemm,506,inception3a.branch2.0.conv,192,96,1,1,0,1.3159536004066468,0.005732997725761648,1.2677962851957976
googlenet,implicit precomp gemm,506,inception3a.branch2.1.conv,96,128,3,1,1,1.177560019493103,0.007309453824458192,1.1344672166610736
googlenet,implicit precomp gemm,506,inception3a.branch3.0.conv,192,16,1,1,0,0.7324272006750107,0.01269978217541895,0.7056240310488119
googlenet,implicit precomp gemm,506,inception3a.branch3.1.conv,16,32,3,1,1,0.3256591960787773,0.007219458717954607,0.31374169948008934
googlenet,implicit precomp gemm,506,inception3a.branch4.1.conv,192,32,1,1,0,0.7971967995166779,0.009121153328944687,0.7680233867553605
googlenet,implicit precomp gemm,506,inception3b.branch1.conv,256,128,1,1,0,1.5742959916591643,0.010127178927768843,1.5166846379745973
googlenet,implicit precomp gemm,506,inception3b.branch2.0.conv,256,128,1,1,0,1.5428687930107117,0.010128378459493092,1.4864075174983842
googlenet,implicit precomp gemm,506,inception3b.branch2.1.conv,128,192,3,1,1,1.5603232085704803,0.010004353736343985,1.5032231888108836
googlenet,implicit precomp gemm,506,inception3b.branch3.0.conv,256,32,1,1,0,0.8534991949796676,0.01717267028534766,0.8222653963471469
googlenet,implicit precomp gemm,506,inception3b.branch3.1.conv,32,96,3,1,1,0.937348797917366,0.010946837578463941,0.9030465234983681
googlenet,implicit precomp gemm,506,inception3b.branch4.1.conv,256,64,1,1,0,1.1636400043964386,0.007041803780497034,1.1210566044449837
googlenet,implicit precomp gemm,506,inception4a.branch1.conv,480,192,1,1,0,1.1448368072509765,0.004924438591725599,1.1029415102019537
googlenet,implicit precomp gemm,506,inception4a.branch2.0.conv,480,96,1,1,0,0.9810960054397583,0.010225618116663589,0.9451928021874039
googlenet,implicit precomp gemm,506,inception4a.branch2.1.conv,96,208,3,1,1,0.7539519995450974,0.008939372522827864,0.7263611300154091
googlenet,implicit precomp gemm,506,inception4a.branch3.0.conv,480,16,1,1,0,0.4830688014626503,0.009149929763394234,0.4653909011678562
googlenet,implicit precomp gemm,506,inception4a.branch3.1.conv,16,48,3,1,1,0.244166399538517,0.005222450358502718,0.2352311314083633
googlenet,implicit precomp gemm,506,inception4a.branch4.1.conv,480,64,1,1,0,1.0009776026010513,0.00560203203436461,0.9643468324032546
googlenet,implicit precomp gemm,506,inception4b.branch1.conv,512,160,1,1,0,1.0923807978630067,0.006930631371358364,1.052405128206636
googlenet,implicit precomp gemm,506,inception4b.branch2.0.conv,512,112,1,1,0,1.0006032019853592,0.004859179288724283,0.9639861329761603
googlenet,implicit precomp gemm,506,inception4b.branch2.1.conv,112,224,3,1,1,0.9217056006193161,0.010464024902717767,0.8879757889246535
googlenet,implicit precomp gemm,506,inception4b.branch3.0.conv,512,24,1,1,0,0.6710143923759461,0.006243583960674864,0.6464586241522949
googlenet,implicit precomp gemm,506,inception4b.branch3.1.conv,24,64,3,1,1,0.2950655952095985,0.008635516056497856,0.28426767127672237
googlenet,implicit precomp gemm,506,inception4b.branch4.1.conv,512,64,1,1,0,1.0072335928678513,0.005925860453689998,0.9703738847385491
googlenet,implicit precomp gemm,506,inception4c.branch1.conv,512,128,1,1,0,1.037905603647232,0.009650081276986758,0.9999234534418592
googlenet,implicit precomp gemm,506,inception4c.branch2.0.conv,512,128,1,1,0,1.0323247969150544,0.0046041923424974054,0.9945468763032244
googlenet,implicit precomp gemm,506,inception4c.branch2.1.conv,128,256,3,1,1,0.9910080075263977,0.008875578212809675,0.9547420746088717
googlenet,implicit precomp gemm,506,inception4c.branch3.0.conv,512,24,1,1,0,0.6698912024497986,0.007780664023100293,0.6453765373556942
googlenet,implicit precomp gemm,506,inception4c.branch3.1.conv,24,64,3,1,1,0.2937040001153946,0.00873492352507917,0.2829559037479591
googlenet,implicit precomp gemm,506,inception4c.branch4.1.conv,512,64,1,1,0,1.0060368090867997,0.004925119703914447,0.9692208972537846
googlenet,implicit precomp gemm,506,inception4d.branch1.conv,512,112,1,1,0,1.008822387456894,0.008010241829089835,0.971904537397811
googlenet,implicit precomp gemm,506,inception4d.branch2.0.conv,512,144,1,1,0,1.049014389514923,0.007172151217233244,1.0106257133480916
googlenet,implicit precomp gemm,506,inception4d.branch2.1.conv,144,288,3,1,1,1.018556809425354,0.008638573103885978,0.9812827282446072
googlenet,implicit precomp gemm,506,inception4d.branch3.0.conv,512,32,1,1,0,0.6869519978761673,0.008632127713117325,0.6618129930615428
googlenet,implicit precomp gemm,506,inception4d.branch3.1.conv,32,64,3,1,1,0.4146848008036613,0.00607840029336774,0.3995094126598247
googlenet,implicit precomp gemm,506,inception4d.branch4.1.conv,512,64,1,1,0,1.0100096046924592,0.0062144170351140435,0.9730483084247719
googlenet,implicit precomp gemm,506,inception4e.branch1.conv,528,256,1,1,0,1.1304431855678558,0.008472182064626188,1.0890746230299932
googlenet,implicit precomp gemm,506,inception4e.branch2.0.conv,528,160,1,1,0,1.0670016050338744,0.007045451641196701,1.0279546868080192
googlenet,implicit precomp gemm,506,inception4e.branch2.1.conv,160,320,3,1,1,1.1432623982429504,0.010147497315453287,1.1014247166834457
googlenet,implicit precomp gemm,506,inception4e.branch3.0.conv,528,32,1,1,0,0.6873263984918594,0.008053523266292596,0.6621736924886371
googlenet,implicit precomp gemm,506,inception4e.branch3.1.conv,32,128,3,1,1,0.4440144032239914,0.011509189782933846,0.42776569843105083
googlenet,implicit precomp gemm,506,inception4e.branch4.1.conv,528,128,1,1,0,1.0622431993484498,0.004666746884411075,1.0233704149540785
googlenet,implicit precomp gemm,506,inception5a.branch1.conv,832,256,1,1,0,0.8423439979553222,0.009373399352921507,0.8115184237002983
googlenet,implicit precomp gemm,506,inception5a.branch2.0.conv,832,160,1,1,0,0.7504543989896775,0.008253353415652797,0.722991524134252
googlenet,implicit precomp gemm,506,inception5a.branch2.1.conv,160,320,3,1,1,0.9280400037765503,0.004776061969745583,0.8940783846310618
googlenet,implicit precomp gemm,506,inception5a.branch3.0.conv,832,32,1,1,0,0.41628160029649736,0.008333076268952239,0.40104777728346686
googlenet,implicit precomp gemm,506,inception5a.branch3.1.conv,32,128,3,1,1,0.35703039914369583,0.006742654330076643,0.34396487353085875
googlenet,implicit precomp gemm,506,inception5a.branch4.1.conv,832,128,1,1,0,0.7587728023529052,0.007752078000531334,0.7310055155693616
googlenet,implicit precomp gemm,506,inception5b.branch1.conv,832,384,1,1,0,1.0930063903331757,0.010523435959030545,1.05300782712359
googlenet,implicit precomp gemm,506,inception5b.branch2.0.conv,832,192,1,1,0,0.7734831988811492,0.004917547957633041,0.745177585212624
googlenet,implicit precomp gemm,506,inception5b.branch2.1.conv,192,384,3,1,1,1.0403440117835998,0.006839402640054141,1.0022726280450693
googlenet,implicit precomp gemm,506,inception5b.branch3.0.conv,832,48,1,1,0,0.6950432002544403,0.010880736641240236,0.6696080979305686
googlenet,implicit precomp gemm,506,inception5b.branch3.1.conv,48,128,3,1,1,0.36935520023107526,0.008955926346911357,0.355838648586095
googlenet,implicit precomp gemm,506,inception5b.branch4.1.conv,832,128,1,1,0,0.7606479942798614,0.007115822611015479,0.7328120848574349
googlenet,implicit precomp gemm,509,conv1.conv,3,64,7,2,3,2.7096192121505736,0.011484927033257892,2.6048887891077945
googlenet,implicit precomp gemm,509,conv2.conv,64,64,1,1,0,1.7781376004219056,0.013744962342385952,1.7094101931591505
googlenet,implicit precomp gemm,509,conv3.conv,64,192,3,1,1,2.5814992070198057,0.010028610624860636,2.48172079431022
googlenet,implicit precomp gemm,509,inception3a.branch1.conv,192,64,1,1,0,1.1793808043003082,0.006412294985542659,1.1337961516638697
googlenet,implicit precomp gemm,509,inception3a.branch2.0.conv,192,96,1,1,0,1.3258975923061371,0.022282596663136908,1.2746498689614936
googlenet,implicit precomp gemm,509,inception3a.branch2.1.conv,96,128,3,1,1,1.1221903920173646,0.015777228666010754,1.078816225653508
googlenet,implicit precomp gemm,509,inception3a.branch3.0.conv,192,16,1,1,0,0.7334432005882263,0.01035424836161786,0.7050946354721379
googlenet,implicit precomp gemm,509,inception3a.branch3.1.conv,16,32,3,1,1,0.3243056029081345,0.005090831380964945,0.3117707556368253
googlenet,implicit precomp gemm,509,inception3a.branch4.1.conv,192,32,1,1,0,0.8053023964166641,0.015285574548076941,0.7741763768358013
googlenet,implicit precomp gemm,509,inception3b.branch1.conv,256,128,1,1,0,1.5780880093574523,0.018503685380170862,1.517092787564805
googlenet,implicit precomp gemm,509,inception3b.branch2.0.conv,256,128,1,1,0,1.5253471970558166,0.007866485369799078,1.4663904785182396
googlenet,implicit precomp gemm,509,inception3b.branch2.1.conv,128,192,3,1,1,1.577100783586502,0.00823045831827695,1.5161437193962835
googlenet,implicit precomp gemm,509,inception3b.branch3.0.conv,256,32,1,1,0,0.8549840003252029,0.01391145927337675,0.8219377200038446
googlenet,implicit precomp gemm,509,inception3b.branch3.1.conv,32,96,3,1,1,0.9422927975654602,0.008229566674533114,0.9058719149275384
googlenet,implicit precomp gemm,509,inception3b.branch4.1.conv,256,64,1,1,0,1.1700192034244536,0.011127313692847881,1.1247963892395914
googlenet,implicit precomp gemm,509,inception4a.branch1.conv,480,192,1,1,0,1.1520719945430755,0.014151466018726794,1.1075428640943468
googlenet,implicit precomp gemm,509,inception4a.branch2.0.conv,480,96,1,1,0,0.9766384035348892,0.010185818102648516,0.9388900170814094
googlenet,implicit precomp gemm,509,inception4a.branch2.1.conv,96,208,3,1,1,0.7983679890632629,0.01948276206497357,0.7675099936432918
googlenet,implicit precomp gemm,509,inception4a.branch3.0.conv,480,16,1,1,0,0.48205599933862686,0.006926523652194419,0.46342388730065004
googlenet,implicit precomp gemm,509,inception4a.branch3.1.conv,16,48,3,1,1,0.2426336005330086,0.007661591098843583,0.23325548588344264
googlenet,implicit precomp gemm,509,inception4a.branch4.1.conv,480,64,1,1,0,0.9931328028440476,0.004805745747591551,0.9547468856963145
googlenet,implicit precomp gemm,509,inception4b.branch1.conv,512,160,1,1,0,1.100763201713562,0.011049620951323454,1.0582172250433246
googlenet,implicit precomp gemm,509,inception4b.branch2.0.conv,512,112,1,1,0,1.000553587079048,0.005988928905143626,0.9618808466504807
googlenet,implicit precomp gemm,509,inception4b.branch2.1.conv,112,224,3,1,1,0.9507888048887253,0.013128054942882859,0.914039540152998
googlenet,implicit precomp gemm,509,inception4b.branch3.0.conv,512,24,1,1,0,0.6690575987100601,0.0065044894492583254,0.6431976236114644
googlenet,implicit precomp gemm,509,inception4b.branch3.1.conv,24,64,3,1,1,0.2888464003801346,0.006081254833863411,0.2776820989275383
googlenet,implicit precomp gemm,509,inception4b.branch4.1.conv,512,64,1,1,0,1.002897608280182,0.007360961879757061,0.9641342682828945
googlenet,implicit precomp gemm,509,inception4c.branch1.conv,512,128,1,1,0,1.0402399957180024,0.007305220324624916,1.0000333222750954
googlenet,implicit precomp gemm,509,inception4c.branch2.0.conv,512,128,1,1,0,1.034587210416794,0.017224448228005774,0.9945990247205456
googlenet,implicit precomp gemm,509,inception4c.branch2.1.conv,128,256,3,1,1,0.9867952018976212,0.00799504065059935,0.9486542415413144
googlenet,implicit precomp gemm,509,inception4c.branch3.0.conv,512,24,1,1,0,0.668721604347229,0.010837171477694238,0.64287461588218
googlenet,implicit precomp gemm,509,inception4c.branch3.1.conv,24,64,3,1,1,0.2952143982052803,0.01196194806501237,0.2838039650810556
googlenet,implicit precomp gemm,509,inception4c.branch4.1.conv,512,64,1,1,0,1.0028496086597443,0.005014275813033211,0.9640881239122764
googlenet,implicit precomp gemm,509,inception4d.branch1.conv,512,112,1,1,0,1.0129488080739975,0.011479270762280551,0.9737969757004481
googlenet,implicit precomp gemm,509,inception4d.branch2.0.conv,512,144,1,1,0,1.0529776155948638,0.010160367669463813,1.012278616030161
googlenet,implicit precomp gemm,509,inception4d.branch2.1.conv,144,288,3,1,1,1.0601168036460877,0.009836940001029868,1.0191418648713904
googlenet,implicit precomp gemm,509,inception4d.branch3.0.conv,512,32,1,1,0,0.6842799991369247,0.008267106373872464,0.657831657809863
googlenet,implicit precomp gemm,509,inception4d.branch3.1.conv,32,64,3,1,1,0.41436159908771514,0.008675036081444116,0.3983459665698545
googlenet,implicit precomp gemm,509,inception4d.branch4.1.conv,512,64,1,1,0,1.010217610001564,0.012237849128293808,0.9711713421029994
googlenet,implicit precomp gemm,509,inception4e.branch1.conv,528,256,1,1,0,1.1343183994293213,0.012860073626843906,1.090475469284479
googlenet,implicit precomp gemm,509,inception4e.branch2.0.conv,528,160,1,1,0,1.0755855977535247,0.007566712688757305,1.0340127693035666
googlenet,implicit precomp gemm,509,inception4e.branch2.1.conv,160,320,3,1,1,1.1398159980773925,0.008422263226190581,1.0957605783585354
googlenet,implicit precomp gemm,509,inception4e.branch3.0.conv,528,32,1,1,0,0.6908511966466904,0.0066449930681353585,0.6641488697071819
googlenet,implicit precomp gemm,509,inception4e.branch3.1.conv,32,128,3,1,1,0.4620095998048782,0.014307771847271252,0.4441523080421045
googlenet,implicit precomp gemm,509,inception4e.branch4.1.conv,528,128,1,1,0,1.0632335901260377,0.009309448944399982,1.0221381833663499
googlenet,implicit precomp gemm,509,inception5a.branch1.conv,832,256,1,1,0,0.8421199977397918,0.006464800270501606,0.8095709284017156
googlenet,implicit precomp gemm,509,inception5a.branch2.0.conv,832,160,1,1,0,0.7457792013883591,0.008454687725701394,0.7169538332673833
googlenet,implicit precomp gemm,509,inception5a.branch2.1.conv,160,320,3,1,1,0.9291487991809845,0.006441277993434772,0.8932359497401654
googlenet,implicit precomp gemm,509,inception5a.branch3.0.conv,832,32,1,1,0,0.4173776000738144,0.006440951796378815,0.40124539506571044
googlenet,implicit precomp gemm,509,inception5a.branch3.1.conv,32,128,3,1,1,0.35696160048246384,0.007108702374268276,0.34316455503013094
googlenet,implicit precomp gemm,509,inception5a.branch4.1.conv,832,128,1,1,0,0.7571408003568649,0.007869098497843343,0.7278762911709461
googlenet,implicit precomp gemm,509,inception5b.branch1.conv,832,384,1,1,0,1.0963088154792786,0.009921808724664551,1.053935006821661
googlenet,implicit precomp gemm,509,inception5b.branch2.0.conv,832,192,1,1,0,0.7716544002294541,0.005151159367229877,0.7418289209087968
googlenet,implicit precomp gemm,509,inception5b.branch2.1.conv,192,384,3,1,1,1.0351696074008943,0.005493825894242999,0.9951589112787343
googlenet,implicit precomp gemm,509,inception5b.branch3.0.conv,832,48,1,1,0,0.6988959968090057,0.008767516689441882,0.6718827275346793
googlenet,implicit precomp gemm,509,inception5b.branch3.1.conv,48,128,3,1,1,0.3708064049482346,0.008929214830490811,0.356474239202193
googlenet,implicit precomp gemm,509,inception5b.branch4.1.conv,832,128,1,1,0,0.7603792071342468,0.007948259498648563,0.7309895291754396
googlenet,implicit precomp gemm,512,conv1.conv,3,64,7,2,3,2.773532772064209,0.06915814738099595,2.592531583278684
googlenet,implicit precomp gemm,512,conv2.conv,64,64,1,1,0,1.7854800045490264,0.01592493578179259,1.6689592961473605
googlenet,implicit precomp gemm,512,conv3.conv,64,192,3,1,1,2.702500784397125,0.0923556037232425,2.526135154397507
googlenet,implicit precomp gemm,512,inception3a.branch1.conv,192,64,1,1,0,1.1653712153434754,0.00443694700558293,1.0893189049189578
googlenet,implicit precomp gemm,512,inception3a.branch2.0.conv,192,96,1,1,0,1.321969598531723,0.015448344707321517,1.2356976527726393
googlenet,implicit precomp gemm,512,inception3a.branch2.1.conv,96,128,3,1,1,1.1889888167381286,0.015503725318320907,1.1113952178991555
googlenet,implicit precomp gemm,512,inception3a.branch3.0.conv,192,16,1,1,0,0.7928896009922027,0.014161934382221394,0.7411454998224667
googlenet,implicit precomp gemm,512,inception3a.branch3.1.conv,16,32,3,1,1,0.329830402135849,0.012029015586654992,0.30830561775777776
googlenet,implicit precomp gemm,512,inception3a.branch4.1.conv,192,32,1,1,0,0.8646192044019699,0.026062697025816543,0.8081940179322684
googlenet,implicit precomp gemm,512,inception3b.branch1.conv,256,128,1,1,0,1.6569615960121156,0.0246510977017992,1.5488280193437776
googlenet,implicit precomp gemm,512,inception3b.branch2.0.conv,256,128,1,1,0,1.6166255950927735,0.02569336428828407,1.5111243522446056
googlenet,implicit precomp gemm,512,inception3b.branch2.1.conv,128,192,3,1,1,1.6156000018119812,0.014894332009625243,1.5101656893440503
googlenet,implicit precomp gemm,512,inception3b.branch3.0.conv,256,32,1,1,0,0.8983919948339463,0.014606816341618301,0.8397627907018747
googlenet,implicit precomp gemm,512,inception3b.branch3.1.conv,32,96,3,1,1,0.9559311956167221,0.021520340973737454,0.893546974111735
googlenet,implicit precomp gemm,512,inception3b.branch4.1.conv,256,64,1,1,0,1.2529456079006196,0.03672359024682151,1.1711781787222622
googlenet,implicit precomp gemm,512,inception4a.branch1.conv,480,192,1,1,0,1.2152624070644378,0.04298482379678802,1.1359541895518996
googlenet,implicit precomp gemm,512,inception4a.branch2.0.conv,480,96,1,1,0,1.0084944039583206,0.04493174626894896,0.9426798991366775
googlenet,implicit precomp gemm,512,inception4a.branch2.1.conv,96,208,3,1,1,0.8262079983949662,0.04099779163305221,0.7722895333240456
googlenet,implicit precomp gemm,512,inception4a.branch3.0.conv,480,16,1,1,0,0.4985359996557236,0.02113107927864743,0.46600146121473457
googlenet,implicit precomp gemm,512,inception4a.branch3.1.conv,16,48,3,1,1,0.24677119851112367,0.01291970061624435,0.2306668709407307
googlenet,implicit precomp gemm,512,inception4a.branch4.1.conv,480,64,1,1,0,1.0116624057292938,0.036045188759275336,0.9456411566094053
googlenet,implicit precomp gemm,512,inception4b.branch1.conv,512,160,1,1,0,1.1372704088687897,0.047849335162595374,1.0630519615336071
googlenet,implicit precomp gemm,512,inception4b.branch2.0.conv,512,112,1,1,0,1.0375040113925933,0.04569695725573872,0.9697963349867914
googlenet,implicit precomp gemm,512,inception4b.branch2.1.conv,112,224,3,1,1,1.016881611943245,0.042849452592557284,0.9505197565976947
googlenet,implicit precomp gemm,512,inception4b.branch3.0.conv,512,24,1,1,0,0.6887647986412049,0.030360427473819937,0.6438158985945339
googlenet,implicit precomp gemm,512,inception4b.branch3.1.conv,24,64,3,1,1,0.2911648005247116,0.012394459833813447,0.2721633394429123
googlenet,implicit precomp gemm,512,inception4b.branch4.1.conv,512,64,1,1,0,1.0632767856121064,0.04390231132010603,0.9938871738713344
googlenet,implicit precomp gemm,512,inception4c.branch1.conv,512,128,1,1,0,1.1306271851062775,0.04335673214935125,1.0568422756079268
googlenet,implicit precomp gemm,512,inception4c.branch2.0.conv,512,128,1,1,0,1.0825920104980469,0.0470203591084972,1.0119418841164427
googlenet,implicit precomp gemm,512,inception4c.branch2.1.conv,128,256,3,1,1,1.0159344017505645,0.03848796063899002,0.9496343614924839
googlenet,implicit precomp gemm,512,inception4c.branch3.0.conv,512,24,1,1,0,0.688704001903534,0.026671334610639072,0.6437590694616101
googlenet,implicit precomp gemm,512,inception4c.branch3.1.conv,24,64,3,1,1,0.2877424031496048,0.01237481717091377,0.26896428826354196
googlenet,implicit precomp gemm,512,inception4c.branch4.1.conv,512,64,1,1,0,1.045678400993347,0.021114249692033762,0.9774372626251575
googlenet,implicit precomp gemm,512,inception4d.branch1.conv,512,112,1,1,0,1.0612031996250153,0.021020602868298127,0.9919489104347798
googlenet,implicit precomp gemm,512,inception4d.branch2.0.conv,512,144,1,1,0,1.096257597208023,0.01951380601163336,1.0247156524693866
googlenet,implicit precomp gemm,512,inception4d.branch2.1.conv,144,288,3,1,1,1.096584016084671,0.022955261208696814,1.0250207691983508
googlenet,implicit precomp gemm,512,inception4d.branch3.0.conv,512,32,1,1,0,0.6970352053642273,0.015915125425018262,0.651546577262534
googlenet,implicit precomp gemm,512,inception4d.branch3.1.conv,32,64,3,1,1,0.4065263941884041,0.010806803126110742,0.37999641719951477
googlenet,implicit precomp gemm,512,inception4d.branch4.1.conv,512,64,1,1,0,1.0477871894836426,0.014954287999682596,0.9794084312439716
googlenet,implicit precomp gemm,512,inception4e.branch1.conv,528,256,1,1,0,1.298953604698181,0.010482901459505242,1.2141836863486566
googlenet,implicit precomp gemm,512,inception4e.branch2.0.conv,528,160,1,1,0,1.1405135989189148,0.007281737073676194,1.0660835004864593
googlenet,implicit precomp gemm,512,inception4e.branch2.1.conv,160,320,3,1,1,1.1536719918251037,0.007535491771553204,1.0783831745837282
googlenet,implicit precomp gemm,512,inception4e.branch3.0.conv,528,32,1,1,0,0.7313984096050262,0.008704347944998954,0.6836672333421171
googlenet,implicit precomp gemm,512,inception4e.branch3.1.conv,32,128,3,1,1,0.44665919840335844,0.007400726001995448,0.4175101482434688
googlenet,implicit precomp gemm,512,inception4e.branch4.1.conv,528,128,1,1,0,1.163641595840454,0.007328249178017229,1.0877021606591448
googlenet,implicit precomp gemm,512,inception5a.branch1.conv,832,256,1,1,0,0.8349792063236237,0.007523969264046851,0.7804883308315381
googlenet,implicit precomp gemm,512,inception5a.branch2.0.conv,832,160,1,1,0,0.7433615952730179,0.009280961315733846,0.694849699615199
googlenet,implicit precomp gemm,512,inception5a.branch2.1.conv,160,320,3,1,1,0.9323407977819442,0.008042492290801015,0.8714960893827787
googlenet,implicit precomp gemm,512,inception5a.branch3.0.conv,832,32,1,1,0,0.41645279973745347,0.006290402218245828,0.3892750239473955
googlenet,implicit precomp gemm,512,inception5a.branch3.1.conv,32,128,3,1,1,0.35461919754743576,0.005809741023300996,0.331476692447529
googlenet,implicit precomp gemm,512,inception5a.branch4.1.conv,832,128,1,1,0,0.7575695961713791,0.005939079600761593,0.7081304841205283
googlenet,implicit precomp gemm,512,inception5b.branch1.conv,832,384,1,1,0,1.0874848008155822,0.009618535115279162,1.0165153701615093
googlenet,implicit precomp gemm,512,inception5b.branch2.0.conv,832,192,1,1,0,0.7650431990623474,0.00880317540461801,0.7151163585009842
googlenet,implicit precomp gemm,512,inception5b.branch2.1.conv,192,384,3,1,1,1.0382607936859132,0.009588327705339916,0.9705037295475696
googlenet,implicit precomp gemm,512,inception5b.branch3.0.conv,832,48,1,1,0,0.6977264016866684,0.010209631177523494,0.6521926660032994
googlenet,implicit precomp gemm,512,inception5b.branch3.1.conv,48,128,3,1,1,0.37139999866485596,0.00808451991982018,0.34716237582139137
googlenet,implicit precomp gemm,512,inception5b.branch4.1.conv,832,128,1,1,0,0.7579696029424667,0.006049260649093053,0.7085043863862651
